0.198928   95  80 00 07 F4 00 00 00 08 ........
0.200020  133  00 00 00 00 A7          .......!
0.200024  136  00 02 00 00 00 00 00 2A .......*
0.200027  13A  00 00 00 00 00 00 00 28 .......(
0.200031  13F  00 00 00 05 00 00 00 2E ........
0.200074  143  6B 6B 00 D1             kk...../
0.200012  158  00 00 00 00 00 00 00 19 ........
0.200010  161  00 00 05 50 01 08 00 1C ...P....
0.200018  164  00 00 C0 1A A8 00 00 04 ........
17200056  166  D0 32 00 18             .2.....)
0.192019   39  00 1B                   .......!
0.200024   95  80 00 07 F4 00 00 00 08 ........
0.200072  133  00 00 00 00 A7          .....Z..
0.200083  136  00 02 00 00 00 00 00 2A .......*
0.200082  13A  00 00 00 00 00 00 00 28 .......(
0.200077  13F  00 00 00 05 00 00 00 2E ........
0.200055  143  6B 6B 00 D1             kk....H.
0.200106  158  00 00 00 00 00 00 00 19 ........
0.200100  161  00 00 05 50 01 08 00 1C ...P....
18198958  164  00 00 C0 1A A8 00 00 04 ........
0.209870   39  00 39                   .9....>
0.200672   95  80 00 07 F4 00 00 00 08 ........
0.199518  133  00 00 00 00 A7          .......-
0.199502  136  00 02 00 00 00 00 00 2A .......*
0.199500  13A  00 00 00 00 00 00 00 28 .......(
0.200637  13F  00 00 00 05 00 00 00 2E ........
0.209966  143  6B 6B 00 E0             kk....g
0.199496  158  00 00 00 00 00 00 00 19 ........
19199495  161  00 00 05 50 01 08 00 1C ...P....
0.201777   39  00 0C                   ........
0.200548   95  80 00 07 F4 00 00 00 08 ........
0.200546  133  00 00 00 00 A7          .......!
0.200563  136  00 02 00 00 00 00 00 2A .......*
0.200563  13A  00 00 00 00 00 00 00 28 .......(
0.199427  13F  00 00 00 05 00 00 00 2E ........
0.190153  143  6B 6B 00 D1             kk......
0.200568  158  00 00 00 00 00 00 00 19 ........
0.200569  161  00 00 05 50 01 08 00 1C ...P....
0.198224  164  00 00 C0 1A A9 00 00 03 ........
20200567  166  D0 32 00 18             .2..49..
0.183611   39  00 0C                   .......!
0.199917   95  80 00 07 F4 00 00 00 08 ........
0.198759  133  00 00 00 00 A7          .....Z.;
0.199877  136  00 02 00 00 00 00 00 2A .......*
0.199893  13A  00 00 00 00 00 00 00 28 .......(
0.199893  13F  00 00 00 05 00 00 00 2E ........
0.199853  143  6B 6B 00 D1             kk....f)
0.199900  158  00 00 00 00 00 00 00 19 ........
21199899  161  00 00 05 50 01 08 00 1C ...P....
0.215387   39  00 2A                   .*......
0.199114   95  80 00 07 F8 00 00 00 04 ........
0.200272  133  00 00 00 00 A7          .......!
0.200275  136  00 02 00 00 00 00 00 2A .......*
0.200278  13A  00 00 00 00 00 00 00 28 .......(
0.200281  13F  00 00 00 05 00 00 00 2E ........
0.209605  143  6B 6B 00 E0             kk......
0.200252  158  00 00 00 00 00 00 00 19 ........
22200256  161  00 00 05 50 01 08 00 1C ...P....
0.199944   39  00 39                   .9......
0.201076   95  80 00 07 F4 00 00 00 08 ........
0.199934  133  00 00 00 00 A7          .......!
0.198798  136  00 02 00 00 00 00 00 2A .......*
0.199916  13A  00 00 00 00 00 00 00 28 .......(
0.199934  13F  00 00 00 05 00 00 00 2E ........
0.190579  143  6B 6B 00 D1             kk...../
0.199943  158  00 00 00 00 00 00 00 19 ........
0.199944  161  00 00 05 50 01 08 00 1C ...P....
0.201136  164  00 00 C0 1A A8 00 00 04 ........
0.199939  166  D0 32 00 18             .2.....)
23199944  17C  00 00 00 00 10 00 00 21 .......!
0.194234   39  00 0C                   .......$
0.198963   95  80 00 07 F4 00 00 00 08 ........
0.200070  133  00 00 00 00 A7          .......
0.200067  136  00 02 00 00 00 00 00 2A .......*
0.200067  13A  00 00 00 00 00 00 00 28 .......(
0.200063  13F  00 00 00 05 00 00 00 2E ........
0.198997  143  6B 6B 00 D1             kk...<.
0.200080  158  00 00 00 00 00 00 00 19 ........
24200075  161  00 00 05 50 01 08 00 1C ...P....
0.194052   39  00 1B                   ........
0.200905   95  80 00 07 F4 00 00 00 08 ........
0.199793  133  00 00 00 00 A7          .......!
0.200929  136  00 02 00 00 00 00 00 2A .......*
0.199808  13A  00 00 00 00 00 00 00 28 .......(
0.199792  13F  00 00 00 05 00 00 00 2E ........
0.200896  143  6B 6B 00 D1             kk...../
0.199794  158  00 00 00 00 00 00 00 19 ........
25199795  161  00 00 05 50 01 08 00 1C ...P....
0.208264   39  00 0C                   ........
0.199071   95  80 00 07 F4 00 00 00 26 .......&
0.200228  133  00 00 00 00 89          .......!
0.199093  136  00 02 00 00 00 00 00 0C ........
0.199076  13A  00 00 00 00 00 00 00 0A ........
0.200208  13F  00 00 00 05 00 00 00 00 ........
0.209473  143  6B 6B 00 C2             kk......
0.199067  158  00 00 00 00 00 00 00 37 .......7
0.199067  161  00 00 05 50 01 08 00 3A ...P...:
0.199017  164  00 00 C0 1A A8 00 00 22 ......."
26199067  166  D0 32 00 36             .2.6....
0.199013   39  00 2A                   .*......
0.200166   95  80 00 07 F4 00 00 00 26 .......&
0.200191  133  00 00 00 00 89          .....Z..
0.200192  136  00 02 00 00 00 00 00 0C ........
0.200193  13A  00 00 00 00 00 00 00 0A ........
0.199059  13F  00 00 00 05 00 00 00 00 ........
0.200218  143  6B 6B 00 C2             kk....u)
0.200158  158  00 00 00 00 00 00 00 37 .......7
0.200158  161  00 00 05 50 01 08 00 3A ...P...:
0.200198  164  00 00 C0 1A A8 00 00 22 ......."
27200168  166  D0 32 00 36             .2.6...
0.202585   39  00 39                   .9......
0.209512   95  80 00 07 F4 00 00 00 35 .......5
0.200231  133  00 00 00 00 89          ........
0.200247  136  00 02 00 00 00 00 00 0C ........
0.200247  13A  00 00 00 00 00 00 00 0A ........
0.200248  13F  00 00 00 05 00 00 00 00 ........
28199104  143  6B 6B 00 C2             kk....W8
0.196955   39  00 0C                   .......7
0.190026   95  80 00 07 F4 00 00 00 26 .......&
0.199324  133  00 00 00 00 89          ......."
0.199310  136  00 02 00 00 00 00 00 0C ........
0.200446  13A  00 00 00 00 00 00 00 0A ........
0.200465  13F  00 00 00 05 00 00 00 00 ........
0.200483  143  6B 6B 00 C2             kk......
0.199311  158  00 00 00 00 00 00 00 37 .......7
0.200449  161  00 00 05 50 01 08 00 3A ...P...:
0.200463  164  00 00 C0 1A A8 00 00 22 ......."
0.199301  166  D0 32 00 36             .2.6..u.
29200470  17C  00 00 00 00 10 00 00 03 ........
0.203551   39  00 2A                   .*......
0.200091   95  80 00 07 F4 00 00 00 26 .......&
0.200040  133  00 00 00 00 89          ......!
0.200037  136  00 02 00 00 00 00 00 0C ........
0.200034  13A  00 00 00 00 00 00 00 0A ........
0.200032  13F  00 00 00 05 00 00 00 00 ........
0.200010  143  6B 6B 00 C2             kk....
0.200044  158  00 00 00 00 00 00 00 37 .......7
0.200042  161  00 00 05 50 01 08 00 3A ...P...:
0.200043  164  00 00 C0 1A A8 00 00 22 ......."
30200051  166  D0 32 00 36             .2.6.Z..
0.202113   39  00 39                   .9......
0.199794   95  80 00 07 F4 00 00 00 26 .......&
0.199741  133  00 00 00 00 89          .....
0.200875  136  00 02 00 00 00 00 00 0C ........
0.199758  13A  00 00 00 00 00 00 00 0A ........
0.199742  13F  00 00 00 05 00 00 00 00 ........
31199751  143  6B 6B 00 C2             kk....u.
0.199371   39  00 39                   .9.....7
0.200590   95  80 00 07 F4 00 00 00 26 .......&
0.200551  133  00 00 00 00 89          ......."
0.199418  136  00 02 00 00 00 00 00 0C ........
0.199401  13A  00 00 00 00 00 00 00 0A ........
0.199400  13F  00 00 00 05 00 00 00 00 ........
0.200478  143  6B 6B 00 C2             kk......
0.199422  158  00 00 00 00 00 00 00 37 .......7
0.199422  161  00 00 05 50 01 08 00 3A ...P...:
0.200535  164  00 00 C0 1A A8 00 00 22 ......."
32200577  166  D0 32 00 36             .2.6..W8
0.199217   39  00 0C                   ........
0.209562   95  80 00 07 F4 00 00 00 35 .......5
0.200350  133  00 00 00 00 89          ....../
0.200365  136  00 02 00 00 00 00 00 0C ........
0.200367  13A  00 00 00 00 00 00 00 0A ........
0.200373  13F  00 00 00 05 00 00 00 00 ........
0.199291  143  6B 6B 00 C2             kk....u.
0.200340  158  00 00 00 00 00 00 00 37 .......7
0.200341  161  00 00 05 50 01 08 00 3A ...P...:
0.199228  164  00 00 C0 1A A8 00 00 22 ......."
33200315  166  D0 32 00 36             .2.6....
0.203397   39  00 2A                   .*......
0.189567   95  80 00 07 F4 00 00 00 26 .......&
0.198816  133  00 00 00 00 89          ........
0.199920  136  00 02 00 00 00 00 00 0C ........
0.199938  13A  00 00 00 00 00 00 00 0A ........
0.199933  13F  00 00 00 05 00 00 00 00 ........
0.199912  143  6B 6B 00 C2             kk....W8
34199956  158  00 00 00 00 00 00 00 37 .......7
0.194195   39  00 39                   .9.P...:
0.210494   95  80 00 07 F4 00 00 00 35 .......5
0.200000  133  00 00 00 00 89          .....
0.200014  136  00 02 00 00 00 00 00 0C ........
0.200011  13A  00 00 00 00 00 00 00 0A ........
0.200011  13F  00 00 00 05 00 00 00 00 ........
0.200045  143  6B 6B 00 C2             kk..A.!
0.199998  158  00 00 00 00 00 00 00 37 .......7
0.199994  161  00 00 05 50 01 08 00 3A ...P...:
0.200010  164  00 00 C0 1A A8 00 00 22 ......."
35199975  166  D0 32 00 36             .2.6.-..
0.203478   39  00 0C                   ........
0.199877   95  80 00 07 F4 00 00 00 35 .......5
0.201071  133  00 00 00 00 89          .....
0.199964  136  00 02 00 00 00 00 00 0C ........
0.199950  13A  00 00 00 00 00 00 00 0A ........
0.199950  13F  00 00 00 05 00 00 00 00 ........
0.199949  143  6B 6B 00 C2             kk....W
0.199855  158  00 00 00 00 00 00 00 37 .......7
0.199866  161  00 00 05 50 01 08 00 3A ...P...:
0.198683  164  00 00 C0 1A A8 00 00 22 ......."
36199792  166  D0 32 00 36             .2.6..b/
0.192462   39  00 1B                   ........
0.190088   95  80 00 07 F4 00 00 00 26 .......&
0.199348  133  00 00 00 00 89          ........
0.199321  136  00 02 00 00 00 00 00 0C ........
0.199319  13A  00 00 00 00 00 00 00 0A ........
0.200534  13F  00 00 00 05 00 00 00 00 ........
37200640  143  6B 6B 00 C2             kk....u.
0.204950   39  00 2A                   .*.....7
0.209689   95  80 00 07 F8 00 00 00 31 .......1
0.200499  133  00 00 00 00 89          ......."
0.200500  136  00 02 00 00 00 00 00 0C ........
0.200499  13A  00 00 00 00 00 00 00 0A ........
0.199282  13F  00 00 00 05 00 00 00 00 ........
0.199177  143  6B 6B 00 C2             kk......
0.200493  158  00 00 00 00 00 00 00 37 .......7
0.199358  161  00 00 05 50 01 08 00 3A ...P...:
0.199208  164  00 00 C0 1A A8 00 00 22 ......."
38200483  166  D0 32 00 36             .2.6..W8
0.201204   39  00 39                   .9......
0.199967   95  80 00 07 F4 00 00 00 35 .......5
0.199963  133  00 00 00 00 89          .......
0.199990  136  00 02 00 00 00 00 00 0C ........
0.199991  13A  00 00 00 00 00 00 00 0A ........
0.199993  13F  00 00 00 05 00 00 00 00 ........
0.199973  143  6B 6B 00 C2             kk....u.
0.199985  158  00 00 00 00 00 00 00 37 .......7
0.200001  161  00 00 05 50 01 08 00 3A ...P...:
0.200043  164  00 00 C0 1A A8 00 00 22 ......."
0.199993  166  D0 32 00 36             .2.6....
39199982  17C  00 00 00 00 10 00 00 03 ........
0.200551   39  00 0C                   ........
0.190201   95  80 00 07 F4 00 00 00 26 .......&
0.199399  133  00 00 00 00 89          ......)
0.199372  136  00 02 00 00 00 00 00 0C ........
0.200496  13A  00 00 00 00 00 00 00 0A ........
0.200518  13F  00 00 00 05 00 00 00 00 ........
40200519  143  6B 6B 00 C2             kk.....8
0.201724   39  00 2A                   .*.....7
0.210859   95  80 00 07 F4 00 00 00 35 .......5
0.200518  133  00 00 00 00 89          ......."
0.200532  136  00 02 00 00 00 00 00 0C ........
0.199409  13A  00 00 00 00 00 00 00 0A ........
0.199385  13F  00 00 00 05 00 00 00 00 ........
0.199416  143  6B 6B 00 C2             kk..
0.199364  158  00 00 00 00 00 00 00 37 .......7
0.199373  161  00 00 05 50 01 08 00 3A ...P...:
0.199376  164  00 00 C0 1A A8 00 00 22 ......."
41200501  166  D0 32 00 36             .2.6..u.
0.189916   39  00 0C                   ........
0.198128   95  80 00 07 F4 00 00 00 17 ........
0.199238  133  00 00 00 00 A7          ......>
0.199223  136  00 02 00 00 00 00 00 2A .......*
0.199222  13A  00 00 00 00 00 00 00 28 .......(
0.200359  13F  00 00 00 05 00 00 00 2E ........
0.200365  143  6B 6B 00 E0             kk....W.
0.199242  158  00 00 00 00 00 00 00 19 ........
0.199229  161  00 00 05 50 01 08 00 1C ...P....
0.199187  164  00 00 C0 1A A8 00 00 04 ........
42199199  166  D0 32 00 18             .2.....8
0.208697   39  00 2A                   .*.....!
0.190185   95  80 00 07 F4 00 00 00 08 ........
0.200545  133  00 00 00 00 A7          ........
0.200560  136  00 02 00 00 00 00 00 2A .......*
0.200561  13A  00 00 00 00 00 00 00 28 .......(
0.199425  13F  00 00 00 05 00 00 00 2E ........
0.200582  143  6B 6B 00 E0             kk....f.
0.200559  158  00 00 00 00 00 00 00 19 ........
43200559  161  00 00 05 50 01 08 00 1C ...P....
0.201208   39  00 39                   .9......
0.210384   95  80 00 07 F4 00 00 00 17 ........
0.200017  133  00 00 00 00 A7          .......!
0.200019  136  00 02 00 00 00 00 00 2A .......*
0.200019  13A  00 00 00 00 00 00 00 28 .......(
0.200018  13F  00 00 00 05 00 00 00 2E ........
0.198875  143  6B 6B 00 E0             kk...../
0.200009  158  00 00 00 00 00 00 00 19 ........
44200010  161  00 00 05 50 01 08 00 1C ...P....
0.190048   39  00 0C                   ........
0.189988   95  80 00 07 F4 00 00 00 08 ........
0.199289  133  00 00 00 00 A7          .......!
0.199272  136  00 02 00 00 00 00 00 2A .......*
0.200405  13A  00 00 00 00 00 00 00 28 .......(
0.200422  13F  00 00 00 05 00 00 00 2E ........
0.200349  143  6B 6B 00 E0             kk......
0.199280  158  00 00 00 00 00 00 00 19 ........
0.200416  161  00 00 05 50 01 08 00 1C ...P....
0.200431  164  00 00 C0 1A A8 00 00 04 ........
0.199280  166  D0 32 00 18             .2......
45200423  17C  00 00 00 00 10 00 00 21 .......!
0.209317   39  00 2A                   .*.....$
0.209421   95  80 00 07 F8 00 00 00 13 ........
0.200089  133  00 00 00 00 A7          .......
0.200088  136  00 02 00 00 00 00 00 2A .......*
0.200087  13A  00 00 00 00 00 00 00 28 .......(
0.200087  13F  00 00 00 05 00 00 00 2E ........
0.200184  143  6B 6B 00 E0             kk....<
0.200092  158  00 00 00 00 00 00 00 19 ........
0.200087  161  00 00 05 50 01 08 00 1C ...P....
46200089  164  00 00 C0 1A A8 00 00 04 ........
0.188625   39  00 39                   .9...Z.,
0.190822   95  80 00 07 F4 00 00 00 08 ........
0.200181  133  00 00 00 00 A7          .......
0.200182  136  00 02 00 00 00 00 00 2A .......*
0.199049  13A  00 00 00 00 00 00 00 28 .......(
0.200168  13F  00 00 00 05 00 00 00 2E ........
0.200138  143  6B 6B 00 E0             kk....h.
0.200178  158  00 00 00 00 00 00 00 19 ........
47199047  161  00 00 05 50 01 08 00 1C ...P....
0.199342   39  00 39                   .9......
0.209817   95  80 00 07 F4 00 00 00 17 ........
0.200490  133  00 00 00 00 A7          .......!
0.200508  136  00 02 00 00 00 00 00 2A .......*
0.200510  13A  00 00 00 00 00 00 00 28 .......(
0.199374  13F  00 00 00 05 00 00 00 2E ........
0.199372  143  6B 6B 00 E0             kk...../
0.200514  158  00 00 00 00 00 00 00 19 ........
0.200515  161  00 00 05 50 01 08 00 1C ...P....
0.199365  164  00 00 C0 1A A8 00 00 04 ........
48200513  166  D0 32 00 18             .2......
0.193648   39  00 0C                   .......!
0.190139   95  80 00 07 F4 00 00 00 08 ........
0.199464  133  00 00 00 00 A7          .....Z..
0.199448  136  00 02 00 00 00 00 00 2A .......*
0.199445  13A  00 00 00 00 00 00 00 28 .......(
0.199446  13F  00 00 00 05 00 00 00 2E ........
0.200606  143  6B 6B 00 E0             kk....H.
0.199448  158  00 00 00 00 00 00 00 19 ........
49199447  161  00 00 05 50 01 08 00 1C ...P....
0.209161   39  00 1B                   ........
0.209177   95  80 00 07 F8 00 00 00 13 ........
0.199859  133  00 00 00 00 A7          .......!
0.199857  136  00 02 00 00 00 00 00 2A .......*
0.199857  13A  00 00 00 00 00 00 00 28 .......(
0.200998  13F  00 00 00 05 00 00 00 2E ........
0.199850  143  6B 6B 00 E0             kk...../
0.199856  158  00 00 00 00 00 00 00 19 ........
50200993  161  00 00 05 50 01 08 00 1C ...P....
0.209180   39  00 39                   .9......
0.201086   95  80 00 07 F4 00 00 00 17 ........
0.199982  133  00 00 00 00 A7          .......!
0.199985  136  00 02 00 00 00 00 00 2A .......*
0.201098  13A  00 00 00 00 00 00 00 28 .......(
0.199978  13F  00 00 00 05 00 00 00 2E ........
0.199966  143  6B 6B 00 E0             kk......
0.199979  158  00 00 00 00 00 00 00 19 ........
0.199966  161  00 00 05 50 01 08 00 1C ...P....
0.198788  164  00 00 C0 1A A8 00 00 04 ........
0.199975  166  D0 32 00 18             .2......
51199957  17C  00 00 00 00 10 00 00 21 .......!
0.189493   39  00 0C                   .......-
0.199948   95  80 00 07 F4 00 00 00 17 ........
0.199907  133  00 00 00 00 A7          .......
0.199904  136  00 02 00 00 00 00 00 2A .......*
0.198791  13A  00 00 00 00 00 00 00 28 .......(
0.199916  13F  00 00 00 05 00 00 00 2E ........
0.199930  143  6B 6B 00 E0             kk....<
0.199912  158  00 00 00 00 00 00 00 19 ........
52199923  161  00 00 05 50 01 08 00 1C ...P....
0.208204   39  00 1B                   ........
0.200227   95  80 00 07 F4 00 00 00 17 ........
0.200172  133  00 00 00 00 A7          .......!
0.200175  136  00 02 00 00 00 00 00 2A .......*
0.200179  13A  00 00 00 00 00 00 00 28 .......(
0.200172  13F  00 00 00 05 00 00 00 2E ........
0.200199  143  6B 6B 00 E0             kk......
0.200139  158  00 00 00 00 00 00 00 19 ........
53200154  161  00 00 05 50 01 08 00 1C ...P....
0.201416   39  00 2A                   .*......
0.189724   95  80 00 07 F8 00 00 00 04 ........
0.200221  133  00 00 00 00 A7          .......!
0.200234  136  00 02 00 00 00 00 00 2A .......*
0.200232  13A  00 00 00 00 00 00 00 28 .......(
0.199093  13F  00 00 00 05 00 00 00 2E ........
0.200148  143  6B 6B 00 E0             kk...../
0.200267  158  00 00 00 00 00 00 00 19 ........
0.199118  161  00 00 05 50 01 08 00 1C ...P....
0.199072  164  00 00 C0 1A A8 00 00 04 ........
54200271  166  D0 32 00 18             .2.....8
0.194840   39  00 39                   .9.....!
0.209944   95  80 00 07 F4 00 00 00 17 ........
0.199510  133  00 00 00 00 A7          .....Z.,
0.199494  136  00 02 00 00 00 00 00 2A .......*
0.199492  13A  00 00 00 00 00 00 00 28 .......(
0.200608  13F  00 00 00 05 00 00 00 2E ........
0.199550  143  6B 6B 00 E0             kk....H.
0.200649  158  00 00 00 00 00 00 00 19 ........
55200648  161  00 00 05 50 01 08 00 1C ...P....
0.207965   39  00 0C                   ........
0.189414   95  80 00 07 F4 00 00 00 08 ........
0.199867  133  00 00 00 00 A7          .......!
0.199867  136  00 02 00 00 00 00 00 2A .......*
0.201004  13A  00 00 00 00 00 00 00 28 .......(
0.199905  13F  00 00 00 05 00 00 00 2E ........
0.199812  143  6B 6B 00 E0             kk...../
0.199866  158  00 00 00 00 00 00 00 19 ........
0.199866  161  00 00 05 50 01 08 00 1C ...P....
56199890  164  00 00 C0 1A A8 00 00 04 ........
0.199204   39  00 2A                   .*..FA3%
0.200306   95  80 00 07 F4 00 00 00 08 ........
0.200264  133  00 00 00 00 A7          .......*
0.200264  136  00 02 00 00 00 00 00 2A .......*
0.199127  13A  00 00 00 00 00 00 00 28 .......(
0.200245  13F  00 00 00 05 00 00 00 2E ........
0.200308  143  6B 6B 00 E0             kk....h.
0.199108  158  00 00 00 00 00 00 00 19 ........
0.200247  161  00 00 05 50 01 08 00 1C ...P....
0.200261  164  00 00 C0 1A A8 00 00 04 ........
57199119  166  D0 32 00 18             .2.."..9
0.197749   39  00 39                   .9.....!
0.210487   95  80 00 07 F8 00 00 00 13 ........
0.200082  133  00 00 00 00 A7          .....
0.200086  136  00 02 00 00 00 00 00 2A .......*
0.200092  13A  00 00 00 00 00 00 00 28 .......(
0.198957  13F  00 00 00 05 00 00 00 2E ........
0.200133  143  6B 6B 00 E0             kk....f
0.200080  158  00 00 00 00 00 00 00 19 ........
58200073  161  00 00 05 50 01 08 00 1C ...P....
0.197884   39  00 2A                   .*......
0.199146   95  80 00 07 F4 00 00 00 35 .......5
0.199134  133  00 00 00 00 89          .......!
0.200273  136  00 02 00 00 00 00 00 0C ........
0.200295  13A  00 00 00 00 00 00 00 0A ........
0.200299  13F  00 00 00 05 00 00 00 00 ........
0.199086  143  6B 6B 00 C2             kk......
0.200267  158  00 00 00 00 00 00 00 37 .......7
59199138  161  00 00 05 50 01 08 00 3A ...P...:
0.192493   39  00 39                   .9....."
0.199313   95  80 00 07 F4 00 00 00 35 .......5
0.200464  133  00 00 00 00 89          ........
0.199321  136  00 02 00 00 00 00 00 0C ........
0.199294  13A  00 00 00 00 00 00 00 0A ........
0.200426  13F  00 00 00 05 00 00 00 00 ........
0.200432  143  6B 6B 00 C2             kk.....>
0.199320  158  00 00 00 00 00 00 00 37 .......7
0.199317  161  00 00 05 50 01 08 00 3A ...P...:
0.200464  164  00 00 C0 1A A8 00 00 22 ......."
60200442  166  D0 32 00 36             .2.6...8
0.204460   39  00 0C                   ........
0.199994   95  80 00 07 F4 00 00 00 35 .......5
0.199985  133  00 00 00 00 89          .....Z.;
0.199985  136  00 02 00 00 00 00 00 0C ........
0.199985  13A  00 00 00 00 00 00 00 0A ........
0.199987  13F  00 00 00 05 00 00 00 00 ........
0.199995  143  6B 6B 00 C2             kk....W.
0.199985  158  00 00 00 00 00 00 00 37 .......7
0.199986  161  00 00 05 50 01 08 00 3A ...P...:
0.199984  164  00 00 C0 1A A8 00 00 22 ......."
61199985  166  D0 32 00 36             .2.6../
0.204480   39  00 2A                   .*......
0.200898   95  80 00 07 F8 00 00 00 31 .......1
0.199778  133  00 00 00 00 89          ........
0.199778  136  00 02 00 00 00 00 00 0C ........
0.200917  13A  00 00 00 00 00 00 00 0A ........
0.199803  13F  00 00 00 05 00 00 00 00 ........
0.199775  143  6B 6B 00 C2             kk....u)
62199775  158  00 00 00 00 00 00 00 37 .......7
0.194653   39  00 39                   .9.P...:
0.199384   95  80 00 07 F4 00 00 00 35 .......5
0.200485  133  00 00 00 00 89          .....
0.200492  136  00 02 00 00 00 00 00 0C ........
0.199357  13A  00 00 00 00 00 00 00 0A ........
0.199343  13F  00 00 00 05 00 00 00 00 ........
0.199374  143  6B 6B 00 C2             kk..A.)
0.200476  158  00 00 00 00 00 00 00 37 .......7
0.199340  161  00 00 05 50 01 08 00 3A ...P...:
0.200465  164  00 00 C0 1A A8 00 00 22 ......."
63200421  166  D0 32 00 36             .2.6....
0.206609   39  00 0C                   ........
0.200672   95  80 00 07 F4 00 00 00 35 .......5
0.199553  133  00 00 00 00 89          .....
0.199555  136  00 02 00 00 00 00 00 0C ........
0.199557  13A  00 00 00 00 00 00 00 0A ........
0.200681  13F  00 00 00 05 00 00 00 00 ........
0.200700  143  6B 6B 00 C2             kk....u
0.199552  158  00 00 00 00 00 00 00 37 .......7
0.200686  161  00 00 05 50 01 08 00 3A ...P...:
0.199569  164  00 00 C0 1A A8 00 00 22 ......."
64199538  166  D0 32 00 36             .2.6,.b.
0.201298   39  00 1B                   ........
0.199031   95  80 00 07 F4 00 00 00 35 .......5
0.200144  133  00 00 00 00 89          ........
0.200138  136  00 02 00 00 00 00 00 0C ........
0.200135  13A  00 00 00 00 00 00 00 0A ........
0.200143  13F  00 00 00 05 00 00 00 00 ........
65200127  143  6B 6B 00 C2             kk....W.
0.189170   39  00 1B                   .......7
0.200750   95  80 00 07 F4 00 00 00 35 .......5
0.199688  133  00 00 00 00 89          ......."
0.199685  136  00 02 00 00 00 00 00 0C ........
0.200791  13A  00 00 00 00 00 00 00 0A ........
0.199666  13F  00 00 00 05 00 00 00 00 ........
0.199637  143  6B 6B 00 C2             kk......
0.199702  158  00 00 00 00 00 00 00 37 .......7
0.200832  161  00 00 05 50 01 08 00 3A ...P...:
0.199693  164  00 00 C0 1A A9 00 00 21 .......!
66199707  166  D0 32 00 36             .2.6..u)
0.207046   39  00 39                   .9......
0.200142   95  80 00 07 F4 00 00 00 35 .......5
0.200089  133  00 00 00 00 89          .......
0.200089  136  00 02 00 00 00 00 00 0C ........
0.198979  13A  00 00 00 00 00 00 00 0A ........
0.200104  13F  00 00 00 05 00 00 00 00 ........
0.200142  143  6B 6B 00 C2             kk....W.
0.200088  158  00 00 00 00 00 00 00 37 .......7
0.200089  161  00 00 05 50 01 08 00 3A ...P...:
0.201289  164  00 00 C0 1A A8 00 00 22 ......."
0.200089  166  D0 32 00 36             .2.6$...
67200136  17C  00 00 00 00 10 00 00 03 ........
0.195123   39  00 0C                   ........
0.199505   95  80 00 07 F4 00 00 00 35 .......5
0.199670  133  00 00 00 00 89          ......!
0.200775  136  00 02 00 00 00 00 00 0C ........
0.200790  13A  00 00 00 00 00 00 00 0A ........
0.199649  13F  00 00 00 05 00 00 00 00 ........
68199564  143  6B 6B 00 C2             kk...-..
0.202984   39  00 1B                   .......7
0.200883   95  80 00 07 F4 00 00 00 35 .......5
0.200766  133  00 00 00 00 89          ......."
0.199677  136  00 02 00 00 00 00 00 0C ........
0.199664  13A  00 00 00 00 00 00 00 0A ........
0.199663  13F  00 00 00 05 00 00 00 00 ........
0.199743  143  6B 6B 00 C2             kk..
0.199638  158  00 00 00 00 00 00 00 37 .......7
0.199640  161  00 00 05 50 01 08 00 3A ...P...:
0.200818  164  00 00 C0 1A A8 00 00 22 ......."
69199623  166  D0 32 00 36             .2.6..W.
0.201013   39  00 2A                   .*......
0.199889   95  80 00 07 F4 00 00 00 35 .......5
0.199855  133  00 00 00 00 89          .......
0.199854  136  00 02 00 00 00 00 00 0C ........
0.199854  13A  00 00 00 00 00 00 00 0A ........
0.199854  13F  00 00 00 05 00 00 00 00 ........
0.200964  143  6B 6B 00 C2             kk....u.
0.199871  158  00 00 00 00 00 00 00 37 .......7
0.199856  161  00 00 05 50 01 08 00 3A ...P...:
0.199854  164  00 00 C0 1A A8 00 00 22 ......."
70199833  166  D0 32 00 36             .2.6I..)
0.196081   39  00 39                   .9......
0.199469   95  80 00 07 F4 00 00 00 35 .......5
0.199494  133  00 00 00 00 89          ........
0.199479  136  00 02 00 00 00 00 00 0C ........
0.200621  13A  00 00 00 00 00 00 00 0A ........
0.200649  13F  00 00 00 05 00 00 00 00 ........
71199531  143  6B 6B 00 C2             kk....W.
0.199511   39  00 0C                   .......7
0.199640   95  80 00 07 F4 00 00 00 35 .......5
0.199587  133  00 00 00 00 89          ......."
0.200725  136  00 02 00 00 00 00 00 0C ........
0.199599  13A  00 00 00 00 00 00 00 0A ........
0.199573  13F  00 00 00 05 00 00 00 00 ........
0.199598  143  6B 6B 00 C2             kk......
0.199596  158  00 00 00 00 00 00 00 37 .......7
0.199592  161  00 00 05 50 01 08 00 3A ...P...:
0.199569  164  00 00 C0 1A A8 00 00 22 ......."
0.200674  166  D0 32 00 36             .2.6..u)
72200702  17C  00 00 00 00 10 00 00 03 ........
0.210033   39  00 2A                   .*......
0.190261   95  80 00 07 F4 00 00 00 26 .......&
0.200731  133  00 00 00 00 89          ......)
0.199594  136  00 02 00 00 00 00 00 0C ........
0.199577  13A  00 00 00 00 00 00 00 0A ........
0.199574  13F  00 00 00 05 00 00 00 00 ........
0.200652  143  6B 6B 00 C2             kk....
0.199580  158  00 00 00 00 00 00 00 37 .......7
0.199580  161  00 00 05 50 01 08 00 3A ...P...:
0.200712  164  00 00 C0 1A A8 00 00 22 ......."
73199581  166  D0 32 00 36             .2.6.Z..
0.194713   39  00 39                   .9......
0.209789   95  80 00 07 F4 00 00 00 35 .......5
0.200489  133  00 00 00 00 89          .....
0.200505  136  00 02 00 00 00 00 00 0C ........
0.200505  13A  00 00 00 00 00 00 00 0A ........
0.200506  13F  00 00 00 05 00 00 00 00 ........
74199453  143  6B 6B 00 C2             kk....u.
0.192342   39  00 1B                   .......7
0.189891   95  80 00 07 F4 00 00 00 08 ........
0.199184  133  00 00 00 00 A7          ......."
0.200355  136  00 02 00 00 00 00 00 2A .......*
0.200371  13A  00 00 00 00 00 00 00 28 .......(
0.200372  13F  00 00 00 05 00 00 00 2E ........
0.200274  143  6B 6B 00 E0             kk......
0.200319  158  00 00 00 00 00 00 00 19 ........
0.200318  161  00 00 05 50 01 08 00 1C ...P....
0.199133  164  00 00 C0 1A A8 00 00 04 ........
75199190  166  D0 32 00 18             .2....W.
0.212389   39  00 0C                   .......!
0.210132   95  80 00 07 F4 00 00 00 17 ........
0.200885  133  00 00 00 00 A7          ....../
0.199698  136  00 02 00 00 00 00 00 2A .......*
0.199681  13A  00 00 00 00 00 00 00 28 .......(
0.199680  13F  00 00 00 05 00 00 00 2E ........
0.199706  143  6B 6B 00 E0             kk....H.
0.199733  158  00 00 00 00 00 00 00 19 ........
0.199734  161  00 00 05 50 01 08 00 1C ...P....
0.200869  164  00 00 C0 1A A8 00 00 04 ........
76200861  166  D0 32 00 18             .2..h..)
0.189999   39  00 0C                   .......!
0.190037   95  80 00 07 F4 00 00 00 08 ........
0.199300  133  00 00 00 00 A7          ........
0.199299  136  00 02 00 00 00 00 00 2A .......*
0.200438  13A  00 00 00 00 00 00 00 28 .......(
0.200455  13F  00 00 00 05 00 00 00 2E ........
77200440  143  6B 6B 00 E0             kk....f8
0.209400   39  00 2A                   .*......
0.209414   95  80 00 07 F4 00 00 00 17 ........
0.200087  133  00 00 00 00 A7          ........
0.200087  136  00 02 00 00 00 00 00 2A .......*
0.198949  13A  00 00 00 00 00 00 00 28 .......(
0.200069  13F  00 00 00 05 00 00 00 2E ........
0.200097  143  6B 6B 00 E0             kk......
0.200086  158  00 00 00 00 00 00 00 19 ........
0.200087  161  00 00 05 50 01 08 00 1C ...P....
0.200087  164  00 00 C0 1A A8 00 00 04 ........
0.200089  166  D0 32 00 18             .2....H.
78200084  17C  00 00 00 00 10 00 00 21 .......!
0.190654   39  00 39                   .9.....#
0.201122   95  80 00 07 F4 00 00 00 17 ........
0.199991  133  00 00 00 00 A7          .......
0.199991  136  00 02 00 00 00 00 00 2A .......*
0.199991  13A  00 00 00 00 00 00 00 28 .......(
0.200002  13F  00 00 00 05 00 00 00 2E ........
0.200003  143  6B 6B 00 E0             kk....
0.199993  158  00 00 00 00 00 00 00 19 ........
0.199992  161  00 00 05 50 01 08 00 1C ...P....
0.199992  164  00 00 C0 1A A8 00 00 04 ........
79199994  166  D0 32 00 18             .2...Z..
0.199856   39  00 0C                   .......!
0.189382   95  80 00 07 F4 00 00 00 08 ........
0.199722  133  00 00 00 00 A7          .....
0.200799  136  00 02 00 00 00 00 00 2A .......*
0.200816  13A  00 00 00 00 00 00 00 28 .......(
0.199668  13F  00 00 00 05 00 00 00 2E ........
80199733  143  6B 6B 00 E0             kk....H.
0.199738   39  00 0C                   ........
0.209833   95  80 00 07 F4 00 00 00 17 ........
0.200642  133  00 00 00 00 A7          ........
0.199564  136  00 02 00 00 00 00 00 2A .......*
0.199546  13A  00 00 00 00 00 00 00 28 .......(
0.199546  13F  00 00 00 05 00 00 00 2E ........
0.200531  143  6B 6B 00 E0             kk......
0.199571  158  00 00 00 00 00 00 00 19 ........
0.199561  161  00 00 05 50 01 08 00 1C ...P....
0.200637  164  00 00 C0 1A A8 00 00 04 ........
81200717  166  D0 32 00 18             .2....f8
0.200397   39  00 1B                   .......!
0.199913   95  80 00 07 F4 00 00 00 17 ........
0.199802  133  00 00 00 00 A7          ....../
0.199803  136  00 02 00 00 00 00 00 2A .......*
0.199804  13A  00 00 00 00 00 00 00 28 .......(
0.200940  13F  00 00 00 05 00 00 00 2E ........
0.199983  143  6B 6B 00 E0             kk....H.
0.199708  158  00 00 00 00 00 00 00 19 ........
0.199727  161  00 00 05 50 01 08 00 1C ...P....
0.199806  164  00 00 C0 1A A8 00 00 04 ........
82199567  166  D0 32 00 18             .2.."...
0.202487   39  00 39                   .9.....!
0.190577   95  80 00 07 F4 00 00 00 08 ........
0.200008  133  00 00 00 00 A7          ........
0.200009  136  00 02 00 00 00 00 00 2A .......*
0.200009  13A  00 00 00 00 00 00 00 28 .......(
0.198872  13F  00 00 00 05 00 00 00 2E ........
0.199919  143  6B 6B 00 E0             kk....f8
83200032  158  00 00 00 00 00 00 00 19 ........
0.196027   39  00 0C                   ...P....
0.209234   95  80 00 07 F4 00 00 00 17 ........
0.199623  133  00 00 00 00 A7          .....
0.199622  136  00 02 00 00 00 00 00 2A .......*
0.199622  13A  00 00 00 00 00 00 00 28 .......(
0.200743  13F  00 00 00 05 00 00 00 2E ........
0.199813  143  6B 6B 00 E0             kk..A..
0.200763  158  00 00 00 00 00 00 00 19 ........
0.200772  161  00 00 05 50 01 08 00 1C ...P....
0.199632  164  00 00 C0 1A A8 00 00 04 ........
84200675  166  D0 32 00 18             .2...<..
0.202925   39  00 1B                   .......!
0.201022   95  80 00 07 F4 00 00 00 17 ........
0.200322  133  00 00 00 00 A7          .....
0.200323  136  00 02 00 00 00 00 00 2A .......*
0.200322  13A  00 00 00 00 00 00 00 28 .......(
0.199202  13F  00 00 00 05 00 00 00 2E ........
0.200042  143  6B 6B 00 E0             kk....f
0.199214  158  00 00 00 00 00 00 00 19 ........
0.199204  161  00 00 05 50 01 08 00 1C ...P....
0.200288  164  00 00 C0 1A A8 00 00 04 ........
85199330  166  D0 32 00 18             .2..7.b/
0.208343   39  00 39                   .9.....!
0.199352   95  80 00 07 F4 00 00 00 17 ........
0.199231  133  00 00 00 00 A7          ........
0.200346  136  00 02 00 00 00 00 00 2A .......*
0.200366  13A  00 00 00 00 00 00 00 28 .......(
0.200370  13F  00 00 00 05 00 00 00 2E ........
86199309  143  6B 6B 00 E0             kk....H.
0.189897   39  00 39                   .9......
0.200292   95  80 00 07 F8 00 00 00 13 ........
0.200257  133  00 00 00 00 A7          ........
0.199141  136  00 02 00 00 00 00 00 2A .......*
0.200268  13A  00 00 00 00 00 00 00 28 .......(
0.200280  13F  00 00 00 05 00 00 00 2E ........
0.200281  143  6B 6B 00 E0             kk......
0.200267  158  00 00 00 00 00 00 00 19 ........
0.200264  161  00 00 05 50 01 08 00 1C ...P....
0.200278  164  00 00 C0 1A A8 00 00 04 ........
87200253  166  D0 32 00 18             .2....f8
0.201155   39  00 0C                   .......!
0.189632   95  80 00 07 F4 00 00 00 08 ........
0.200041  133  00 00 00 00 A7          .......
0.200041  136  00 02 00 00 00 00 00 2A .......*
0.200033  13A  00 00 00 00 00 00 00 28 .......(
0.200033  13F  00 00 00 05 00 00 00 2E ........
0.200085  143  6B 6B 00 E0             kk....H.
0.200039  158  00 00 00 00 00 00 00 19 ........
0.200039  161  00 00 05 50 01 08 00 1C ...P....
0.200033  164  00 00 C0 1A A8 00 00 04 ........
0.200033  166  D0 32 00 18             .2......
88200034  17C  00 00 00 00 10 00 00 21 .......!
0.198847   39  00 1B                   .......$
0.199984   95  80 00 07 F4 00 00 00 08 ........
0.200078  133  00 00 00 00 A7          .......
0.200078  136  00 02 00 00 00 00 00 2A .......*
0.198940  13A  00 00 00 00 00 00 00 28 .......(
0.200134  13F  00 00 00 05 00 00 00 2E ........
89200276  143  6B 6B 00 E0             kk.....8
0.201612   39  00 39                   .9......
0.210138   95  80 00 07 F4 00 00 00 17 ........
0.200563  133  00 00 00 00 A7          ........
0.200592  136  00 02 00 00 00 00 00 2A .......*
0.200594  13A  00 00 00 00 00 00 00 28 .......(
0.199384  13F  00 00 00 05 00 00 00 2E ........
0.199316  143  6B 6B 00 E0             kk..
0.199358  158  00 00 00 00 00 00 00 19 ........
0.199362  161  00 00 05 50 01 08 00 1C ...P....
0.199359  164  00 00 C0 1A A8 00 00 04 ........
90199358  166  D0 32 00 18             .2....H.
0.192001   39  00 1B                   .......!
0.200062   95  80 00 07 F4 00 00 00 35 .......5
0.198878  133  00 00 00 00 89          ......>
0.200049  136  00 02 00 00 00 00 00 0C ........
0.200081  13A  00 00 00 00 00 00 00 0A ........
0.200085  13F  00 00 00 05 00 00 00 00 ........
0.200124  143  6B 6B 00 C2             kk....f.
0.200056  158  00 00 00 00 00 00 00 37 .......7
0.200060  161  00 00 05 50 01 08 00 3A ...P...:
0.198794  164  00 00 C0 1A A8 00 00 22 ......."
91200072  166  D0 32 00 36             .2.6...8
0.207113   39  00 39                   .9......
0.199047   95  80 00 07 F4 00 00 00 35 .......5
0.200171  133  00 00 00 00 89          ........
0.200113  136  00 02 00 00 00 00 00 0C ........
0.200113  13A  00 00 00 00 00 00 00 0A ........
0.200113  13F  00 00 00 05 00 00 00 00 ........
0.200113  143  6B 6B 00 C2             kk....W.
0.200174  158  00 00 00 00 00 00 00 37 .......7
92200174  161  00 00 05 50 01 08 00 3A ...P...:
0.201426   39  00 0C                   ......."
0.200936   95  80 00 07 F4 00 00 00 35 .......5
0.200163  133  00 00 00 00 89          ........
0.199021  136  00 02 00 00 00 00 00 0C ........
0.200120  13A  00 00 00 00 00 00 00 0A ........
0.200132  13F  00 00 00 05 00 00 00 00 ........
0.199890  143  6B 6B 00 C2             kk.....>
0.199054  158  00 00 00 00 00 00 00 37 .......7
93200153  161  00 00 05 50 01 08 00 3A ...P...:
0.195625   39  00 1B                   ......."
0.199228   95  80 00 07 F4 00 00 00 35 .......5
0.200218  133  00 00 00 00 89          ........
0.200219  136  00 02 00 00 00 00 00 0C ........
0.199086  13A  00 00 00 00 00 00 00 0A ........
0.200245  13F  00 00 00 05 00 00 00 00 ........
0.200372  143  6B 6B 00 C2             kk......
0.200243  158  00 00 00 00 00 00 00 37 .......7
0.199130  161  00 00 05 50 01 08 00 3A ...P...:
0.200216  164  00 00 C0 1A A8 00 00 22 ......."
0.200251  166  D0 32 00 36             .2.6....
94200265  17C  00 00 00 00 10 00 00 03 ........
0.204049   39  00 39                   .9......
0.200538   95  80 00 07 F8 00 00 00 31 .......1
0.199509  133  00 00 00 00 89          ......!
0.200629  136  00 02 00 00 00 00 00 0C ........
0.200651  13A  00 00 00 00 00 00 00 0A ........
0.199481  13F  00 00 00 05 00 00 00 00 ........
0.199424  143  6B 6B 00 C2             kk...-<
0.200601  158  00 00 00 00 00 00 00 37 .......7
0.200605  161  00 00 05 50 01 08 00 3A ...P...:
95199507  164  00 00 C0 1A A8 00 00 22 ......."
0.195531   39  00 0C                   ...6.Z.;
0.200563   95  80 00 07 F4 00 00 00 35 .......5
0.200109  133  00 00 00 00 89          ........
0.200187  136  00 02 00 00 00 00 00 0C ........
0.200200  13A  00 00 00 00 00 00 00 0A ........
0.200199  13F  00 00 00 05 00 00 00 00 ........
0.200380  143  6B 6B 00 C2             kk....h.
0.200098  158  00 00 00 00 00 00 00 37 .......7
96200108  161  00 00 05 50 01 08 00 3A ...P...:
0.198009   39  00 0C                   ......."
0.199909   95  80 00 07 F4 00 00 00 35 .......5
0.200180  133  00 00 00 00 89          ........
0.198981  136  00 02 00 00 00 00 00 0C ........
0.200063  13A  00 00 00 00 00 00 00 0A ........
0.200078  13F  00 00 00 05 00 00 00 00 ........
0.199905  143  6B 6B 00 C2             kk.....>
0.199072  158  00 00 00 00 00 00 00 37 .......7
0.200171  161  00 00 05 50 01 08 00 3A ...P...:
0.200184  164  00 00 C0 1A A8 00 00 22 ......."
97199150  166  D0 32 00 36             .2.6....
0.196177   39  00 1B                   ........
0.199723   95  80 00 07 F4 00 00 00 35 .......5
0.199787  133  00 00 00 00 89          .....Z..
0.200923  136  00 02 00 00 00 00 00 0C ........
0.199826  13A  00 00 00 00 00 00 00 0A ........
0.199810  13F  00 00 00 05 00 00 00 00 ........
0.199801  143  6B 6B 00 C2             kk....W.
0.200913  158  00 00 00 00 00 00 00 37 .......7
98199801  161  00 00 05 50 01 08 00 3A ...P...:
0.216666   39  00 39                   .9....."
0.199352   95  80 00 07 F4 00 00 00 35 .......5
0.200304  133  00 00 00 00 89          ........
0.199172  136  00 02 00 00 00 00 00 0C ........
0.200272  13A  00 00 00 00 00 00 00 0A ........
0.200292  13F  00 00 00 05 00 00 00 00 ........
0.200475  143  6B 6B 00 C2             kk.....>
0.199161  158  00 00 00 00 00 00 00 37 .......7
99200280  161  00 00 05 50 01 08 00 3A ...P...:
0.192727   39  00 0C                   ......."
0.200635   95  80 00 07 F4 00 00 00 35 .......5
0.199818  133  00 00 00 00 89          ........
0.199813  136  00 02 00 00 00 00 00 0C ........
0.199778  13A  00 00 00 00 00 00 00 0A ........
0.199779  13F  00 00 00 05 00 00 00 00 ........
0.199616  143  6B 6B 00 C2             kk......
0.200973  158  00 00 00 00 00 00 00 37 .......7
0.199850  161  00 00 05 50 01 08 00 3A ...P...:
0.199822  164  00 00 C0 1A A9 00 00 21 .......!
0.199835  166  D0 32 00 36             .2.6....
00199780  17C  00 00 00 00 10 00 00 03 ........
0.195898   39  00 1B                   ........
0.200562   95  80 00 07 F4 00 00 00 35 .......5
0.200483  133  00 00 00 00 89          ......!
0.200488  136  00 02 00 00 00 00 00 0C ........
0.199406  13A  00 00 00 00 00 00 00 0A ........
0.199384  13F  00 00 00 05 00 00 00 00 ........
0.200532  143  6B 6B 00 C2             kk...-<
0.199323  158  00 00 00 00 00 00 00 37 .......7
01199326  161  00 00 05 50 01 08 00 3A ...P...:
0.201805   39  00 2A                   .*....."
0.199473   95  80 00 07 F4 00 00 00 35 .......5
0.199483  133  00 00 00 00 89          ........
0.199479  136  00 02 00 00 00 00 00 0C ........
0.200611  13A  00 00 00 00 00 00 00 0A ........
0.200626  13F  00 00 00 05 00 00 00 00 ........
0.199472  143  6B 6B 00 C2             kk......
0.200649  158  00 00 00 00 00 00 00 37 .......7
02200647  161  00 00 05 50 01 08 00 3A ...P...:
0.202337   39  00 39                   .9....."
0.200047   95  80 00 07 F8 00 00 00 31 .......1
0.200114  133  00 00 00 00 89          ........
0.200114  136  00 02 00 00 00 00 00 0C ........
0.200118  13A  00 00 00 00 00 00 00 0A ........
0.200117  13F  00 00 00 05 00 00 00 00 ........
0.200049  143  6B 6B 00 C2             kk.....>
0.198956  158  00 00 00 00 00 00 00 37 .......7
0.200090  161  00 00 05 50 01 08 00 3A ...P...:
0.198926  164  00 00 C0 1A A8 00 00 22 ......."
03200092  166  D0 32 00 36             .2.6...8
0.193867   39  00 0C                   ........
0.199533   95  80 00 07 F4 00 00 00 35 .......5
0.199513  133  00 00 00 00 89          .....Z.;
0.200648  136  00 02 00 00 00 00 00 0C ........
0.199526  13A  00 00 00 00 00 00 00 0A ........
0.199510  13F  00 00 00 05 00 00 00 00 ........
0.199590  143  6B 6B 00 C2             kk....W.
0.200670  158  00 00 00 00 00 00 00 37 .......7
04199537  161  00 00 05 50 01 08 00 3A ...P...:
0.209548   39  00 1B                   ......."
0.200480   95  80 00 07 F4 00 00 00 35 .......5
0.200418  133  00 00 00 00 89          ........
0.199283  136  00 02 00 00 00 00 00 0C ........
0.199266  13A  00 00 00 00 00 00 00 0A ........
0.200401  13F  00 00 00 05 00 00 00 00 ........
0.200414  143  6B 6B 00 C2             kk.....>
0.199303  158  00 00 00 00 00 00 00 37 .......7
0.200404  161  00 00 05 50 01 08 00 3A ...P...:
05200417  164  00 00 C0 1A A8 00 00 22 ......."
0.201501   39  00 39                   .9.6FA3%
0.200305   95  80 00 07 F4 00 00 00 35 .......5
0.200331  133  00 00 00 00 89          ........
0.200331  136  00 02 00 00 00 00 00 0C ........
0.200331  13A  00 00 00 00 00 00 00 0A ........
0.199195  13F  00 00 00 05 00 00 00 00 ........
0.200317  143  6B 6B 00 C2             kk....g.
0.200290  158  00 00 00 00 00 00 00 37 .......7
0.199187  161  00 00 05 50 01 08 00 3A ...P...:
0.200317  164  00 00 C0 1A A8 00 00 22 ......."
06200312  166  D0 32 00 36             .2.6"./9
0.194111   39  00 0C                   ........
0.199829   95  80 00 07 F8 00 00 00 31 .......1
0.199794  133  00 00 00 00 89          .....
0.199797  136  00 02 00 00 00 00 00 0C ........
0.199799  13A  00 00 00 00 00 00 00 0A ........
0.200937  13F  00 00 00 05 00 00 00 00 ........
0.199826  143  6B 6B 00 C2             kk....u
0.199789  158  00 00 00 00 00 00 00 37 .......7
07200929  161  00 00 05 50 01 08 00 3A ...P...:
0.201643   39  00 39                   .9....."
0.199349   95  80 00 07 F4 00 00 00 17 ........
0.200575  133  00 00 00 00 A7          ........
0.200590  136  00 02 00 00 00 00 00 2A .......*
0.200589  13A  00 00 00 00 00 00 00 28 .......(
0.199452  13F  00 00 00 05 00 00 00 2E ........
0.200478  143  6B 6B 00 E0             kk......
0.200594  158  00 00 00 00 00 00 00 19 ........
08199455  161  00 00 05 50 01 08 00 1C ...P....
0.207011   39  00 1B                   ........
0.200062   95  80 00 07 F4 00 00 00 17 ........
0.200022  133  00 00 00 00 A7          .......!
0.200020  136  00 02 00 00 00 00 00 2A .......*
0.200020  13A  00 00 00 00 00 00 00 28 .......(
0.200019  13F  00 00 00 05 00 00 00 2E ........
0.200059  143  6B 6B 00 E0             kk......
0.200025  158  00 00 00 00 00 00 00 19 ........
0.200025  161  00 00 05 50 01 08 00 1C ...P....
0.200026  164  00 00 C0 1A A8 00 00 04 ........
09200021  166  D0 32 00 18             .2.....8
0.200526   39  00 2A                   .*.....!
0.200519   95  80 00 07 F4 00 00 00 17 ........
0.199367  133  00 00 00 00 A7          .....Z.;
0.199350  136  00 02 00 00 00 00 00 2A .......*
0.200482  13A  00 00 00 00 00 00 00 28 .......(
0.200500  13F  00 00 00 05 00 00 00 2E ........
0.199388  143  6B 6B 00 E0             kk....f.
0.199343  158  00 00 00 00 00 00 00 19 ........
0.200483  161  00 00 05 50 01 08 00 1C ...P....
0.200500  164  00 00 C0 1A A8 00 00 04 ........
10199327  166  D0 32 00 18             .2..j./
0.190666   39  00 39                   .9.....!
0.199914   95  80 00 07 F4 00 00 00 17 ........
0.200007  133  00 00 00 00 A7          ........
0.200007  136  00 02 00 00 00 00 00 2A .......*
0.200007  13A  00 00 00 00 00 00 00 28 .......(
0.200007  13F  00 00 00 05 00 00 00 2E ........
0.199978  143  6B 6B 00 E0             kk....H)
11200018  158  00 00 00 00 00 00 00 19 ........
0.209330   39  00 1B                   ...P....
0.200105   95  80 00 07 F4 00 00 00 17 ........
0.200010  133  00 00 00 00 A7          .....
0.200011  136  00 02 00 00 00 00 00 2A .......*
0.200011  13A  00 00 00 00 00 00 00 28 .......(
0.200011  13F  00 00 00 05 00 00 00 2E ........
0.200064  143  6B 6B 00 E0             kk..A..
0.200003  158  00 00 00 00 00 00 00 19 ........
0.200011  161  00 00 05 50 01 08 00 1C ...P....
0.200011  164  00 00 C0 1A A8 00 00 04 ........
12199998  166  D0 32 00 18             .2......
0.194184   39  00 1B                   .......!
0.200080   95  80 00 07 F4 00 00 00 17 ........
0.200049  133  00 00 00 00 A7          .....
0.200049  136  00 02 00 00 00 00 00 2A .......*
0.200050  13A  00 00 00 00 00 00 00 28 .......(
0.200049  13F  00 00 00 05 00 00 00 2E ........
0.200063  143  6B 6B 00 E0             kk....H
0.200053  158  00 00 00 00 00 00 00 19 ........
0.200049  161  00 00 05 50 01 08 00 1C ...P....
0.200049  164  00 00 C0 1A A8 00 00 04 ........
13200072  166  D0 32 00 18             .2....b.
0.199526   39  00 2A                   .*.....!
0.199495   95  80 00 07 F4 00 00 00 17 ........
0.199526  133  00 00 00 00 A7          ........
0.200661  136  00 02 00 00 00 00 00 2A .......*
0.199543  13A  00 00 00 00 00 00 00 28 .......(
0.199527  13F  00 00 00 05 00 00 00 2E ........
14199497  143  6B 6B 00 E0             kk....f.
0.195864   39  00 2A                   .*......
0.200458   95  80 00 07 F4 00 00 00 17 ........
0.200466  133  00 00 00 00 A7          ........
0.199331  136  00 02 00 00 00 00 00 2A .......*
0.200448  13A  00 00 00 00 00 00 00 28 .......(
0.200464  13F  00 00 00 05 00 00 00 2E ........
0.200451  143  6B 6B 00 E0             kk......
0.199316  158  00 00 00 00 00 00 00 19 ........
0.200451  161  00 00 05 50 01 08 00 1C ...P....
0.199280  164  00 00 C0 1A A8 00 00 04 ........
15199315  166  D0 32 00 18             .2....H)
0.200051   39  00 0C                   .......!
0.199937   95  80 00 07 F4 00 00 00 17 ........
0.199944  133  00 00 00 00 A7          .......
0.199944  136  00 02 00 00 00 00 00 2A .......*
0.198810  13A  00 00 00 00 00 00 00 28 .......(
0.199933  13F  00 00 00 05 00 00 00 2E ........
0.199964  143  6B 6B 00 E0             kk....f.
0.199948  158  00 00 00 00 00 00 00 19 ........
0.199951  161  00 00 05 50 01 08 00 1C ...P....
0.201134  164  00 00 C0 1A A8 00 00 04 ........
0.200007  166  D0 32 00 18             .2......
16199957  17C  00 00 00 00 10 00 00 21 .......!
0.210890   39  00 2A                   .*....."
0.199368   95  80 00 07 F4 00 00 00 17 ........
0.200497  133  00 00 00 00 A7          .......
0.200513  136  00 02 00 00 00 00 00 2A .......*
0.200515  13A  00 00 00 00 00 00 00 28 .......(
0.199376  13F  00 00 00 05 00 00 00 2E ........
17199375  143  6B 6B 00 E0             kk...<..
0.187709   39  00 2A                   .*......
0.191102   95  80 00 07 F4 00 00 00 08 ........
0.199243  133  00 00 00 00 A7          ........
0.200361  136  00 02 00 00 00 00 00 2A .......*
0.200376  13A  00 00 00 00 00 00 00 28 .......(
0.200377  13F  00 00 00 05 00 00 00 2E ........
0.200362  143  6B 6B 00 E0             kk..
0.200369  158  00 00 00 00 00 00 00 19 ........
0.200370  161  00 00 05 50 01 08 00 1C ...P....
0.199191  164  00 00 C0 1A A8 00 00 04 ........
18200345  166  D0 32 00 18             .2....f.
0.200626   39  00 39                   .9.....!
0.209925   95  80 00 07 F4 00 00 00 17 ........
0.200620  133  00 00 00 00 A7          .......
0.199502  136  00 02 00 00 00 00 00 2A .......*
0.199486  13A  00 00 00 00 00 00 00 28 .......(
0.199485  13F  00 00 00 05 00 00 00 2E ........
0.200630  143  6B 6B 00 E0             kk....H.
0.199494  158  00 00 00 00 00 00 00 19 ........
0.199493  161  00 00 05 50 01 08 00 1C ...P....
0.200671  164  00 00 C0 1A A8 00 00 04 ........
19199494  166  D0 32 00 18             .2..F..)
0.211914   39  00 1B                   .......!
0.199270   95  80 00 07 F4 00 00 00 17 ........
0.199255  133  00 00 00 00 A7          ........
0.199239  136  00 02 00 00 00 00 00 2A .......*
0.200373  13A  00 00 00 00 00 00 00 28 .......(
0.200389  13F  00 00 00 05 00 00 00 2E ........
20199257  143  6B 6B 00 E0             kk....f.
0.199600   39  00 2A                   .*......
0.200721   95  80 00 07 F4 00 00 00 17 ........
0.200772  133  00 00 00 00 A7          ........
0.200789  136  00 02 00 00 00 00 00 2A .......*
0.199655  13A  00 00 00 00 00 00 00 28 .......(
0.199639  13F  00 00 00 05 00 00 00 2E ........
0.199636  143  6B 6B 00 E0             kk......
0.199639  158  00 00 00 00 00 00 00 19 ........
0.199639  161  00 00 05 50 01 08 00 1C ...P....
0.199637  164  00 00 C0 1A A8 00 00 04 ........
0.199639  166  D0 32 00 18             .2....H)
21200774  17C  00 00 00 00 10 00 00 21 .......!
0.199502   39  00 39                   .9.....-
0.199490   95  80 00 07 F4 00 00 00 17 ........
0.199468  133  00 00 00 00 A7          .......
0.199451  136  00 02 00 00 00 00 00 2A .......*
0.199450  13A  00 00 00 00 00 00 00 28 .......(
0.200584  13F  00 00 00 05 00 00 00 2E ........
0.200585  143  6B 6B 00 E0             kk....
0.200600  158  00 00 00 00 00 00 00 19 ........
0.200601  161  00 00 05 50 01 08 00 1C ...P....
0.200601  164  00 00 C0 1A A8 00 00 04 ........
22199515  166  D0 32 00 18             .2...Z..
0.189230   39  00 0C                   .......!
0.199597   95  80 00 07 F8 00 00 00 13 ........
0.199631  133  00 00 00 00 A7          .....
0.200767  136  00 02 00 00 00 00 00 2A .......*
0.200784  13A  00 00 00 00 00 00 00 28 .......(
0.199652  13F  00 00 00 05 00 00 00 2E ........
23199624  143  6B 6B 00 E0             kk....H.
0.204175   39  00 39                   .9......
0.199707   95  80 00 07 F4 00 00 00 35 .......5
0.199664  133  00 00 00 00 89          ........
0.199662  136  00 02 00 00 00 00 00 0C ........
0.199662  13A  00 00 00 00 00 00 00 0A ........
0.199661  13F  00 00 00 05 00 00 00 00 ........
0.199688  143  6B 6B 00 C2             kk......
0.199675  158  00 00 00 00 00 00 00 37 .......7
0.199666  161  00 00 05 50 01 08 00 3A ...P...:
0.198476  164  00 00 C0 1A A8 00 00 22 ......."
24199660  166  D0 32 00 36             .2.6..f.
0.201241   39  00 1B                   ........
0.200040   95  80 00 07 F4 00 00 00 35 .......5
0.200082  133  00 00 00 00 89          ....../
0.200083  136  00 02 00 00 00 00 00 0C ........
0.200084  13A  00 00 00 00 00 00 00 0A ........
0.200083  13F  00 00 00 05 00 00 00 00 ........
0.200040  143  6B 6B 00 C2             kk....W.
0.200082  158  00 00 00 00 00 00 00 37 .......7
0.200082  161  00 00 05 50 01 08 00 3A ...P...:
0.200083  164  00 00 C0 1A A8 00 00 22 ......."
25198923  166  D0 32 00 36             .2.6...)
0.194044   39  00 1B                   ........
0.199743   95  80 00 07 F4 00 00 00 35 .......5
0.200836  133  00 00 00 00 89          ........
0.199718  136  00 02 00 00 00 00 00 0C ........
0.199702  13A  00 00 00 00 00 00 00 0A ........
0.199702  13F  00 00 00 05 00 00 00 00 ........
0.200871  143  6B 6B 00 C2             kk....u.
0.199703  158  00 00 00 00 00 00 00 37 .......7
26199703  161  00 00 05 50 01 08 00 3A ...P...:
0.205889   39  00 39                   .9....."
0.200197   95  80 00 07 F8 00 00 00 31 .......1
0.199085  133  00 00 00 00 89          ........
0.200200  136  00 02 00 00 00 00 00 0C ........
0.200216  13A  00 00 00 00 00 00 00 0A ........
0.200216  13F  00 00 00 05 00 00 00 00 ........
0.199071  143  6B 6B 00 C2             kk...../
0.200219  158  00 00 00 00 00 00 00 37 .......7
0.200219  161  00 00 05 50 01 08 00 3A ...P...:
27200218  164  00 00 C0 1A A8 00 00 22 ......."
0.189455   39  00 0C                   ...69S09
0.199802   95  80 00 07 F4 00 00 00 35 .......5
0.200920  133  00 00 00 00 89          ........
0.199805  136  00 02 00 00 00 00 00 0C ........
0.199788  13A  00 00 00 00 00 00 00 0A ........
0.199788  13F  00 00 00 05 00 00 00 00 ........
0.199818  143  6B 6B 00 C2             kk....g?
0.199784  158  00 00 00 00 00 00 00 37 .......7
0.199785  161  00 00 05 50 01 08 00 3A ...P...:
0.199785  164  00 00 C0 1A A8 00 00 22 ......."
28199794  166  D0 32 00 36             .2.6"...
0.207508   39  00 1B                   ........
0.199533   95  80 00 07 F4 00 00 00 35 .......5
0.199512  133  00 00 00 00 89          .....
0.199495  136  00 02 00 00 00 00 00 0C ........
0.200628  13A  00 00 00 00 00 00 00 0A ........
0.200644  13F  00 00 00 05 00 00 00 00 ........
0.200645  143  6B 6B 00 C2             kk....W
0.199497  158  00 00 00 00 00 00 00 37 .......7
29199495  161  00 00 05 50 01 08 00 3A ...P...:
0.207656   39  00 2A                   .*....."
0.200587   95  80 00 07 F4 00 00 00 35 .......5
0.199458  133  00 00 00 00 89          ........
0.200542  136  00 02 00 00 00 00 00 0C ........
0.199432  13A  00 00 00 00 00 00 00 0A ........
0.199424  13F  00 00 00 05 00 00 00 00 ........
0.199475  143  6B 6B 00 C2             kk......
0.200593  158  00 00 00 00 00 00 00 37 .......7
30200599  161  00 00 05 50 01 08 00 3A ...P...:
0.184467   39  00 2A                   .*....."
0.200490   95  80 00 07 F4 00 00 00 35 .......5
0.200619  133  00 00 00 00 89          ........
0.199535  136  00 02 00 00 00 00 00 0C ........
0.199511  13A  00 00 00 00 00 00 00 0A ........
0.200613  13F  00 00 00 05 00 00 00 00 ........
0.200518  143  6B 6B 00 C2             kk......
0.199508  158  00 00 00 00 00 00 00 37 .......7
0.199502  161  00 00 05 50 01 08 00 3A ...P...:
0.200621  164  00 00 C0 1A A8 00 00 22 ......."
31199482  166  D0 32 00 36             .2.6...)
0.209072   39  00 0C                   ........
0.199296   95  80 00 07 F4 00 00 00 35 .......5
0.200178  133  00 00 00 00 89          .....Z..
0.200201  136  00 02 00 00 00 00 00 0C ........
0.200207  13A  00 00 00 00 00 00 00 0A ........
0.199101  13F  00 00 00 05 00 00 00 00 ........
0.200316  143  6B 6B 00 C2             kk....u.
0.200157  158  00 00 00 00 00 00 00 37 .......7
0.200190  161  00 00 05 50 01 08 00 3A ...P...:
32200250  164  00 00 C0 1A A8 00 00 22 ......."
0.189774   39  00 1B                   ...67.>
0.199910   95  80 00 07 F4 00 00 00 35 .......5
0.200005  133  00 00 00 00 89          ........
0.200003  136  00 02 00 00 00 00 00 0C ........
0.200000  13A  00 00 00 00 00 00 00 0A ........
0.199996  13F  00 00 00 05 00 00 00 00 ........
0.199973  143  6B 6B 00 C2             kk....h.
0.200030  158  00 00 00 00 00 00 00 37 .......7
33200002  161  00 00 05 50 01 08 00 3A ...P...:
0.208805   39  00 2A                   .*....."
0.200861   95  80 00 07 F4 00 00 00 35 .......5
0.199604  133  00 00 00 00 89          ........
0.199585  136  00 02 00 00 00 00 00 0C ........
0.199583  13A  00 00 00 00 00 00 00 0A ........
0.200720  13F  00 00 00 05 00 00 00 00 ........
0.199585  143  6B 6B 00 C2             kk......
0.199612  158  00 00 00 00 00 00 00 37 .......7
0.200702  161  00 00 05 50 01 08 00 3A ...P...:
0.200735  164  00 00 C0 1A A8 00 00 22 ......."
34199513  166  D0 32 00 36             .2.649..
0.188279   39  00 39                   .9......
0.199444   95  80 00 07 F4 00 00 00 35 .......5
0.199596  133  00 00 00 00 89          .....Z.;
0.199594  136  00 02 00 00 00 00 00 0C ........
0.200710  13A  00 00 00 00 00 00 00 0A ........
0.199586  13F  00 00 00 05 00 00 00 00 ........
0.199612  143  6B 6B 00 C2             kk....W)
0.200715  158  00 00 00 00 00 00 00 37 .......7
35199624  161  00 00 05 50 01 08 00 3A ...P...:
0.210367   39  00 0C                   ......."
0.200062   95  80 00 07 F8 00 00 00 31 .......1
0.200071  133  00 00 00 00 89          ........
0.200071  136  00 02 00 00 00 00 00 0C ........
0.200089  13A  00 00 00 00 00 00 00 0A ........
0.200092  13F  00 00 00 05 00 00 00 00 ........
0.200046  143  6B 6B 00 C2             kk.....>
0.200073  158  00 00 00 00 00 00 00 37 .......7
36200070  161  00 00 05 50 01 08 00 3A ...P...:
0.206530   39  00 2A                   .*....."
0.199659   95  80 00 07 F4 00 00 00 35 .......5
0.200709  133  00 00 00 00 89          ........
0.200726  136  00 02 00 00 00 00 00 0C ........
0.199592  13A  00 00 00 00 00 00 00 0A ........
0.199576  13F  00 00 00 05 00 00 00 00 ........
0.199672  143  6B 6B 00 C2             kk......
0.199572  158  00 00 00 00 00 00 00 37 .......7
0.199573  161  00 00 05 50 01 08 00 3A ...P...:
0.199575  164  00 00 C0 1A A8 00 00 22 ......."
0.199571  166  D0 32 00 36             .2.6...)
37200717  17C  00 00 00 00 10 00 00 03 ........
0.200322   39  00 39                   .9......
0.200286   95  80 00 07 F4 00 00 00 35 .......5
0.199196  133  00 00 00 00 89          ......)
0.199179  136  00 02 00 00 00 00 00 0C ........
0.200319  13A  00 00 00 00 00 00 00 0A ........
0.200344  13F  00 00 00 05 00 00 00 00 ........
0.200287  143  6B 6B 00 C2             kk...-.
0.200333  158  00 00 00 00 00 00 00 37 .......7
38200332  161  00 00 05 50 01 08 00 3A ...P...:
0.196441   39  00 0C                   ......."
0.199999   95  80 00 07 F4 00 00 00 35 .......5
0.199985  133  00 00 00 00 89          ........
0.199987  136  00 02 00 00 00 00 00 0C ........
0.199983  13A  00 00 00 00 00 00 00 0A ........
0.199979  13F  00 00 00 05 00 00 00 00 ........
0.199996  143  6B 6B 00 C2             kk......
0.199972  158  00 00 00 00 00 00 00 37 .......7
39199978  161  00 00 05 50 01 08 00 3A ...P...:
0.205905   39  00 39                   .9....."
0.199944   95  80 00 07 F4 00 00 00 17 ........
0.199910  133  00 00 00 00 A7          ........
0.201050  136  00 02 00 00 00 00 00 2A .......*
0.199935  13A  00 00 00 00 00 00 00 28 .......(
0.199918  13F  00 00 00 05 00 00 00 2E ........
0.199919  143  6B 6B 00 E0             kk.....>
0.199884  158  00 00 00 00 00 00 00 19 ........
0.199884  161  00 00 05 50 01 08 00 1C ...P....
0.198703  164  00 00 C0 1A A8 00 00 04 ........
40199876  166  D0 32 00 18             .2......
0.199333   39  00 1B                   .......!
0.199381   95  80 00 07 F4 00 00 00 17 ........
0.200577  133  00 00 00 00 A7          .....Z..
0.199435  136  00 02 00 00 00 00 00 2A .......*
0.199415  13A  00 00 00 00 00 00 00 28 .......(
0.200550  13F  00 00 00 05 00 00 00 2E ........
0.200514  143  6B 6B 00 E0             kk....f)
0.199431  158  00 00 00 00 00 00 00 19 ........
0.199435  161  00 00 05 50 01 08 00 1C ...P....
0.200582  164  00 00 C0 1A A8 00 00 04 ........
41199426  166  D0 32 00 18             .2..D..
0.189378   39  00 1B                   .......!
0.200954   95  80 00 07 F4 00 00 00 17 ........
0.199862  133  00 00 00 00 A7          ........
0.199870  136  00 02 00 00 00 00 00 2A .......*
0.199869  13A  00 00 00 00 00 00 00 28 .......(
0.199865  13F  00 00 00 05 00 00 00 2E ........
42199831  143  6B 6B 00 E0             kk....H8
0.211180   39  00 39                   .9......
0.199562   95  80 00 07 F4 00 00 00 17 ........
0.199545  133  00 00 00 00 A7          ........
0.200683  136  00 02 00 00 00 00 00 2A .......*
0.200703  13A  00 00 00 00 00 00 00 28 .......(
0.199571  13F  00 00 00 05 00 00 00 2E ........
0.199599  143  6B 6B 00 E0             kk......
0.200685  158  00 00 00 00 00 00 00 19 ........
0.199553  161  00 00 05 50 01 08 00 1C ...P....
0.199542  164  00 00 C0 1A A8 00 00 04 ........
0.200688  166  D0 32 00 18             .2....f.
43199557  17C  00 00 00 00 10 00 00 21 .......!
0.202827   39  00 1B                   .......
0.199393   95  80 00 07 F8 00 00 00 13 ........
0.200542  133  00 00 00 00 A7          .......
0.199396  136  00 02 00 00 00 00 00 2A .......*
0.199377  13A  00 00 00 00 00 00 00 28 .......(
0.200507  13F  00 00 00 05 00 00 00 2E ........
0.200484  143  6B 6B 00 E0             kk...<
0.199386  158  00 00 00 00 00 00 00 19 ........
0.199384  161  00 00 05 50 01 08 00 1C ...P....
0.200543  164  00 00 C0 1A A8 00 00 04 ........
0.199390  166  D0 32 00 18             .2...Z.;
44200520  17C  00 00 00 00 10 00 00 21 .......!
0.186213   39  00 1B                   .......+
0.200074   95  80 00 07 F4 00 00 00 17 ........
0.200013  133  00 00 00 00 A7          ........
0.200014  136  00 02 00 00 00 00 00 2A .......*
0.200013  13A  00 00 00 00 00 00 00 28 .......(
0.198879  13F  00 00 00 05 00 00 00 2E ........
45200073  143  6B 6B 00 E0             kk......
0.208683   39  00 2A                   .*......
0.200675   95  80 00 07 F4 00 00 00 17 ........
0.199533  133  00 00 00 00 A7          ........
0.199532  136  00 02 00 00 00 00 00 2A .......*
0.200666  13A  00 00 00 00 00 00 00 28 .......(
0.200691  13F  00 00 00 05 00 00 00 2E ........
0.199548  143  6B 6B 00 E0             kk..
0.200682  158  00 00 00 00 00 00 00 19 ........
0.200685  161  00 00 05 50 01 08 00 1C ...P....
0.199511  164  00 00 C0 1A A8 00 00 04 ........
46200676  166  D0 32 00 18             .2....H)
0.184341   39  00 2A                   .*.....!
0.200439   95  80 00 07 F4 00 00 00 17 ........
0.200518  133  00 00 00 00 A7          .......
0.200518  136  00 02 00 00 00 00 00 2A .......*
0.199383  13A  00 00 00 00 00 00 00 28 .......(
0.200471  13F  00 00 00 05 00 00 00 2E ........
0.200441  143  6B 6B 00 E0             kk....f.
0.199376  158  00 00 00 00 00 00 00 19 ........
0.199360  161  00 00 05 50 01 08 00 1C ...P....
0.199315  164  00 00 C0 1A A8 00 00 04 ........
47199339  166  D0 32 00 18             .2..|...
0.210949   39  00 0C                   .......!
0.199378   95  80 00 07 F4 00 00 00 17 ........
0.199437  133  00 00 00 00 A7          ........
0.200572  136  00 02 00 00 00 00 00 2A .......*
0.200588  13A  00 00 00 00 00 00 00 28 .......(
0.199477  13F  00 00 00 05 00 00 00 2E ........
48199423  143  6B 6B 00 E0             kk....H8
0.207575   39  00 2A                   .*......
0.199498   95  80 00 07 F4 00 00 00 17 ........
0.200560  133  00 00 00 00 A7          ........
0.199429  136  00 02 00 00 00 00 00 2A .......*
0.199416  13A  00 00 00 00 00 00 00 28 .......(
0.199419  13F  00 00 00 05 00 00 00 2E ........
0.200567  143  6B 6B 00 E0             kk......
0.199404  158  00 00 00 00 00 00 00 19 ........
0.199408  161  00 00 05 50 01 08 00 1C ...P....
0.201740  164  00 00 C0 1A A8 00 00 04 ........
0.199403  166  D0 32 00 18             .2....f.
49200581  17C  00 00 00 00 10 00 00 21 .......!
0.188232   39  00 2A                   .*....."
0.200888   95  80 00 07 F4 00 00 00 17 ........
0.199787  133  00 00 00 00 A7          .......
0.199783  136  00 02 00 00 00 00 00 2A .......*
0.200914  13A  00 00 00 00 00 00 00 28 .......(
0.200926  13F  00 00 00 05 00 00 00 2E ........
0.199799  143  6B 6B 00 E0             kk...<
0.199791  158  00 00 00 00 00 00 00 19 ........
0.200923  161  00 00 05 50 01 08 00 1C ...P....
0.198606  164  00 00 C0 1A A8 00 00 04 ........
50199794  166  D0 32 00 18             .2...Z..
0.209557   39  00 0C                   .......!
0.200334   95  80 00 07 F4 00 00 00 17 ........
0.200330  133  00 00 00 00 A7          .....
0.200330  136  00 02 00 00 00 00 00 2A .......*
0.199197  13A  00 00 00 00 00 00 00 28 .......(
0.199181  13F  00 00 00 05 00 00 00 2E ........
51200310  143  6B 6B 00 E0             kk....f.
0.202431   39  00 1B                   ........
0.198962   95  80 00 07 F8 00 00 00 13 ........
0.200084  133  00 00 00 00 A7          ........
0.200100  136  00 02 00 00 00 00 00 2A .......*
0.200101  13A  00 00 00 00 00 00 00 28 .......(
0.200100  13F  00 00 00 05 00 00 00 2E ........
0.198987  143  6B 6B 00 E0             kk......
0.200105  158  00 00 00 00 00 00 00 19 ........
0.200105  161  00 00 05 50 01 08 00 1C ...P....
0.200152  164  00 00 C0 1A A8 00 00 04 ........
52200094  166  D0 32 00 18             .2....H8
0.196004   39  00 2A                   .*.....!
0.200553   95  80 00 07 F4 00 00 00 17 ........
0.199551  133  00 00 00 00 A7          ......>
0.199534  136  00 02 00 00 00 00 00 2A .......*
0.199532  13A  00 00 00 00 00 00 00 28 .......(
0.200638  13F  00 00 00 05 00 00 00 2E ........
0.200582  143  6B 6B 00 E0             kk....f.
0.199569  158  00 00 00 00 00 00 00 19 ........
0.200670  161  00 00 05 50 01 08 00 1C ...P....
0.200653  164  00 00 C0 1A A8 00 00 04 ........
53199599  166  D0 32 00 18             .2......
0.191906   39  00 2A                   .*.....!
0.199763   95  80 00 07 F4 00 00 00 17 ........
0.199758  133  00 00 00 00 A7          ........
0.199759  136  00 02 00 00 00 00 00 2A .......*
0.200837  13A  00 00 00 00 00 00 00 28 .......(
0.199748  13F  00 00 00 05 00 00 00 2E ........
0.199761  143  6B 6B 00 E0             kk....H8
54200882  158  00 00 00 00 00 00 00 19 ........
0.202363   39  00 0C                   ...P....
0.200529   95  80 00 07 F4 00 00 00 17 ........
0.200181  133  00 00 00 00 A7          .....
0.200182  136  00 02 00 00 00 00 00 2A .......*
0.199105  13A  00 00 00 00 00 00 00 28 .......(
0.200269  13F  00 00 00 05 00 00 00 2E ........
0.200409  143  6B 6B 00 E0             kk..A..
0.199043  158  00 00 00 00 00 00 00 19 ........
0.200161  161  00 00 05 50 01 08 00 1C ...P....
0.200292  164  00 00 C0 1A A8 00 00 04 ........
55199031  166  D0 32 00 18             .2......
0.210033   39  00 2A                   .*.....!
0.199570   95  80 00 07 F8 00 00 00 13 ........
0.199573  133  00 00 00 00 A7          .....
0.200785  136  00 02 00 00 00 00 00 2A .......*
0.200812  13A  00 00 00 00 00 00 00 28 .......(
0.199633  13F  00 00 00 05 00 00 00 2E ........
0.199579  143  6B 6B 00 E0             kk....H
0.200701  158  00 00 00 00 00 00 00 19 ........
0.199593  161  00 00 05 50 01 08 00 1C ...P....
0.199609  164  00 00 C0 1A A8 00 00 04 ........
56200609  166  D0 32 00 18             .2..u.b>
0.201115   39  00 1B                   .......!
0.198700   95  80 00 07 F4 00 00 00 35 .......5
0.200099  133  00 00 00 00 89          ........
0.198887  136  00 02 00 00 00 00 00 0C ........
0.198861  13A  00 00 00 00 00 00 00 0A ........
0.199994  13F  00 00 00 05 00 00 00 00 ........
57199875  143  6B 6B 00 C2             kk....f.
0.196463   39  00 2A                   .*.....7
0.200170   95  80 00 07 F4 00 00 00 35 .......5
0.199711  133  00 00 00 00 89          ......."
0.199712  136  00 02 00 00 00 00 00 0C ........
0.200927  13A  00 00 00 00 00 00 00 0A ........
0.199819  13F  00 00 00 05 00 00 00 00 ........
0.200054  143  6B 6B 00 C2             kk......
0.199796  158  00 00 00 00 00 00 00 37 .......7
0.200919  161  00 00 05 50 01 08 00 3A ...P...:
0.198505  164  00 00 C0 1A A8 00 00 22 ......."
58199874  166  D0 32 00 36             .2.6..f8
0.195910   39  00 39                   .9......
0.200536   95  80 00 07 F4 00 00 00 35 .......5
0.199650  133  00 00 00 00 89          .......
0.200785  136  00 02 00 00 00 00 00 0C ........
0.199585  13A  00 00 00 00 00 00 00 0A ........
0.199560  13F  00 00 00 05 00 00 00 00 ........
0.199345  143  6B 6B 00 C2             kk....u.
0.200804  158  00 00 00 00 00 00 00 37 .......7
0.199671  161  00 00 05 50 01 08 00 3A ...P...:
0.199654  164  00 00 C0 1A A8 00 00 22 ......."
59200840  166  D0 32 00 36             .2.6w...
0.190887   39  00 0C                   ........
0.200250   95  80 00 07 F4 00 00 00 35 .......5
0.200138  133  00 00 00 00 89          ........
0.200130  136  00 02 00 00 00 00 00 0C ........
0.200133  13A  00 00 00 00 00 00 00 0A ........
0.200134  13F  00 00 00 05 00 00 00 00 ........
0.200303  143  6B 6B 00 C2             kk....W)
60200112  158  00 00 00 00 00 00 00 37 .......7
0.207703   39  00 2A                   .*.P...:
0.199789   95  80 00 07 F4 00 00 00 35 .......5
0.199827  133  00 00 00 00 89          .....
0.199912  136  00 02 00 00 00 00 00 0C ........
0.199919  13A  00 00 00 00 00 00 00 0A ........
0.199918  13F  00 00 00 05 00 00 00 00 ........
0.199957  143  6B 6B 00 C2             kk..A.)
0.199844  158  00 00 00 00 00 00 00 37 .......7
0.199829  161  00 00 05 50 01 08 00 3A ...P...:
0.199828  164  00 00 C0 1A A8 00 00 22 ......."
61190046  166  D0 32 00 36             .2.6.-..
0.195378   39  00 2A                   .*......
0.199896   95  80 00 07 F4 00 00 00 35 .......5
0.199974  133  00 00 00 00 89          .....
0.199904  136  00 02 00 00 00 00 00 0C ........
0.199904  13A  00 00 00 00 00 00 00 0A ........
0.199905  13F  00 00 00 05 00 00 00 00 ........
0.199835  143  6B 6B 00 C2             kk....f
0.199972  158  00 00 00 00 00 00 00 37 .......7
0.199973  161  00 00 05 50 01 08 00 3A ...P...:
0.199973  164  00 00 C0 1A A8 00 00 22 ......."
62199965  166  D0 32 00 36             .2.6..b.
0.210756   39  00 0C                   ........
0.199966   95  80 00 07 F4 00 00 00 35 .......5
0.200078  133  00 00 00 00 89          ........
0.198935  136  00 02 00 00 00 00 00 0C ........
0.200027  13A  00 00 00 00 00 00 00 0A ........
0.200045  13F  00 00 00 05 00 00 00 00 ........
63199943  143  6B 6B 00 C2             kk....u.
0.196504   39  00 0C                   .......7
0.200030   95  80 00 07 F8 00 00 00 31 .......1
0.200012  133  00 00 00 00 89          ......."
0.201160  136  00 02 00 00 00 00 00 0C ........
0.200062  13A  00 00 00 00 00 00 00 0A ........
0.200046  13F  00 00 00 05 00 00 00 00 ........
0.200040  143  6B 6B 00 C2             kk......
0.200004  158  00 00 00 00 00 00 00 37 .......7
0.200005  161  00 00 05 50 01 08 00 3A ...P...:
0.198833  164  00 00 C0 1A A8 00 00 22 ......."
64199988  166  D0 32 00 36             .2.6..W)
0.203262   39  00 2A                   .*......
0.199791   95  80 00 07 F4 00 00 00 35 .......5
0.200930  133  00 00 00 00 89          ....../
0.199804  136  00 02 00 00 00 00 00 0C ........
0.199786  13A  00 00 00 00 00 00 00 0A ........
0.199783  13F  00 00 00 05 00 00 00 00 ........
0.199777  143  6B 6B 00 C2             kk....u.
0.199810  158  00 00 00 00 00 00 00 37 .......7
0.199809  161  00 00 05 50 01 08 00 3A ...P...:
0.199806  164  00 00 C0 1A A8 00 00 22 ......."
0.199822  166  D0 32 00 36             .2.6....
65199781  17C  00 00 00 00 10 00 00 03 ........
0.195209   39  00 39                   .9......
0.200059   95  80 00 07 F4 00 00 00 35 .......5
0.198817  133  00 00 00 00 89          ......!
0.199994  136  00 02 00 00 00 00 00 0C ........
0.200022  13A  00 00 00 00 00 00 00 0A ........
0.200023  13F  00 00 00 05 00 00 00 00 ........
66200028  143  6B 6B 00 C2             kk......
0.201280   39  00 0C                   .......7
0.199984   95  80 00 07 F4 00 00 00 35 .......5
0.200022  133  00 00 00 00 89          .......!
0.199960  136  00 02 00 00 00 00 00 0C ........
0.199949  13A  00 00 00 00 00 00 00 0A ........
0.199949  13F  00 00 00 05 00 00 00 00 ........
0.199977  143  6B 6B 00 C2             kk..
0.200025  158  00 00 00 00 00 00 00 37 .......7
0.200015  161  00 00 05 50 01 08 00 3A ...P...:
0.199945  164  00 00 C0 1A A8 00 00 22 ......."
67200121  166  D0 32 00 36             .2.6..u.
0.188582   39  00 0C                   ........
0.200129   95  80 00 07 F8 00 00 00 31 .......1
0.200273  133  00 00 00 00 89          .......
0.199136  136  00 02 00 00 00 00 00 0C ........
0.200233  13A  00 00 00 00 00 00 00 0A ........
0.200250  13F  00 00 00 05 00 00 00 00 ........
0.200218  143  6B 6B 00 C2             kk....W.
0.200271  158  00 00 00 00 00 00 00 37 .......7
0.200280  161  00 00 05 50 01 08 00 3A ...P...:
0.200252  164  00 00 C0 1A A8 00 00 22 ......."
68200195  166  D0 32 00 36             .2.6`..)
0.208684   39  00 2A                   .*......
0.199536   95  80 00 07 F4 00 00 00 35 .......5
0.200518  133  00 00 00 00 89          ........
0.200521  136  00 02 00 00 00 00 00 0C ........
0.199408  13A  00 00 00 00 00 00 00 0A ........
0.199392  13F  00 00 00 05 00 00 00 00 ........
69200577  143  6B 6B 00 C2             kk....u.
0.206898   39  00 39                   .9.....7
0.200935   95  80 00 07 F4 00 00 00 35 .......5
0.199843  133  00 00 00 00 89          ......."
0.199840  136  00 02 00 00 00 00 00 0C ........
0.199838  13A  00 00 00 00 00 00 00 0A ........
0.199835  13F  00 00 00 05 00 00 00 00 ........
0.199803  143  6B 6B 00 C2             kk......
0.199872  158  00 00 00 00 00 00 00 37 .......7
0.199871  161  00 00 05 50 01 08 00 3A ...P...:
0.200954  164  00 00 C0 1A A8 00 00 22 ......."
0.199896  166  D0 32 00 09             .2....f)
70199836  17C  00 00 00 00 10 00 00 03 ........
0.193967   39  00 0C                   ........
0.199788   95  80 00 07 F4 00 00 00 35 .......5
0.199869  133  00 00 00 00 89          ......)
0.199869  136  00 02 00 00 00 00 00 0C ........
0.199869  13A  00 00 00 00 00 00 00 0A ........
0.200984  13F  00 00 00 05 00 00 00 00 ........
0.199851  143  6B 6B 00 C2             kk...-
0.199819  158  00 00 00 00 00 00 00 37 .......7
0.200987  161  00 00 05 50 01 08 00 3A ...P...:
0.199882  164  00 00 C0 1A A8 00 00 22 ......."
71189244  166  D0 32 00 36             .2.6.Z..
0.204406   39  00 2A                   .*......
0.199670   95  80 00 07 F8 00 00 00 31 .......1
0.199663  133  00 00 00 00 89          .....
0.199661  136  00 02 00 00 00 00 00 0C ........
0.200794  13A  00 00 00 00 00 00 00 0A ........
0.199695  13F  00 00 00 05 00 00 00 00 ........
72199712  143  6B 6B 00 C2             kk....f.
0.190399   39  00 0C                   .......7
0.199806   95  80 00 07 F4 00 00 00 17 ........
0.200806  133  00 00 00 00 A7          ......."
0.200808  136  00 02 00 00 00 00 00 2A .......*
0.199674  13A  00 00 00 00 00 00 00 28 .......(
0.199657  13F  00 00 00 05 00 00 00 2E ........
0.200833  143  6B 6B 00 E0             kk......
0.199667  158  00 00 00 00 00 00 00 19 ........
0.199667  161  00 00 05 50 01 08 00 1C ...P....
0.199604  164  00 00 C0 1A A8 00 00 04 ........
73199665  166  D0 32 00 18             .2....u.
0.206843   39  00 2A                   .*.....!
0.200122   95  80 00 07 F4 00 00 00 17 ........
0.199968  133  00 00 00 00 A7          ......>
0.199972  136  00 02 00 00 00 00 00 2A .......*
0.199978  13A  00 00 00 00 00 00 00 28 .......(
0.201186  13F  00 00 00 05 00 00 00 2E ........
0.200132  143  6B 6B 00 E0             kk....f.
0.199936  158  00 00 00 00 00 00 00 19 ........
0.199942  161  00 00 05 50 01 08 00 1C ...P....
0.199949  164  00 00 C0 1A A8 00 00 04 ........
74199945  166  D0 32 00 18             .2..4..)
0.200590   39  00 39                   .9.....!
0.200220   95  80 00 07 F4 00 00 00 17 ........
0.199414  133  00 00 00 00 A7          ........
0.200534  136  00 02 00 00 00 00 00 2A .......*
0.200547  13A  00 00 00 00 00 00 00 28 .......(
0.199343  13F  00 00 00 05 00 00 00 2E ........
0.199196  143  6B 6B 00 E0             kk....H.
0.200572  158  00 00 00 00 00 00 00 19 ........
75200569  161  00 00 05 50 01 08 00 1C ...P....
0.205309   39  00 1B                   ........
0.199525   95  80 00 07 F8 00 00 00 13 ........
0.200665  133  00 00 00 00 A7          .......!
0.199544  136  00 02 00 00 00 00 00 2A .......*
0.199527  13A  00 00 00 00 00 00 00 28 .......(
0.199527  13F  00 00 00 05 00 00 00 2E ........
0.200661  143  6B 6B 00 E0             kk.....>
0.199501  158  00 00 00 00 00 00 00 19 ........
0.199501  161  00 00 05 50 01 08 00 1C ...P....
76200647  164  00 00 C0 1A A8 00 00 04 ........
0.196357   39  00 2A                   .*..9S09
0.199863   95  80 00 07 F4 00 00 00 17 ........
0.199822  133  00 00 00 00 A7          ......./
0.199818  136  00 02 00 00 00 00 00 2A .......*
0.199816  13A  00 00 00 00 00 00 00 28 .......(
0.200919  13F  00 00 00 05 00 00 00 2E ........
0.199831  143  6B 6B 00 E0             kk....g.
0.199842  158  00 00 00 00 00 00 00 19 ........
0.199839  161  00 00 05 50 01 08 00 1C ...P....
0.199841  164  00 00 C0 1A A8 00 00 04 ........
77210297  166  D0 32 00 27             .2.'"...
0.194694   39  00 2A                   .*.....!
0.200505   95  80 00 07 F4 00 00 00 17 ........
0.199369  133  00 00 00 00 A7          .....
0.200504  136  00 02 00 00 00 00 00 2A .......*
0.200520  13A  00 00 00 00 00 00 00 28 .......(
0.199414  13F  00 00 00 05 00 00 00 2E ........
0.199381  143  6B 6B 00 E0             kk....u
0.200520  158  00 00 00 00 00 00 00 19 ........
78200519  161  00 00 05 50 01 08 00 1C ...P....
0.199269   39  00 39                   .9......
0.200413   95  80 00 07 F4 00 00 00 17 ........
0.200409  133  00 00 00 00 A7          .......!
0.199275  136  00 02 00 00 00 00 00 2A .......*
0.200393  13A  00 00 00 00 00 00 00 28 .......(
0.200410  13F  00 00 00 05 00 00 00 2E ........
0.200412  143  6B 6B 00 E0             kk......
0.199260  158  00 00 00 00 00 00 00 19 ........
79200394  161  00 00 05 50 01 08 00 1C ...P....
0.203165   39  00 0C                   ........
0.199636   95  80 00 07 F4 00 00 00 17 ........
0.199727  133  00 00 00 00 A7          .......!
0.200860  136  00 02 00 00 00 00 00 2A .......*
0.199742  13A  00 00 00 00 00 00 00 28 .......(
0.199726  13F  00 00 00 05 00 00 00 2E ........
0.199667  143  6B 6B 00 E0             kk.....>
0.200875  158  00 00 00 00 00 00 00 19 ........
0.199742  161  00 00 05 50 01 08 00 1C ...P....
0.199726  164  00 00 C0 1A A8 00 00 04 ........
80200869  166  D0 32 00 18             .2.....)
0.207657   39  00 2A                   .*.....!
0.199618   95  80 00 07 F4 00 00 00 17 ........
0.200806  133  00 00 00 00 A7          .....Z..
0.199687  136  00 02 00 00 00 00 00 2A .......*
0.199671  13A  00 00 00 00 00 00 00 28 .......(
0.199670  13F  00 00 00 05 00 00 00 2E ........
0.199648  143  6B 6B 00 E0             kk....H.
0.199694  158  00 00 00 00 00 00 00 19 ........
0.199692  161  00 00 05 50 01 08 00 1C ...P....
81199692  164  00 00 C0 1A A8 00 00 04 ........
0.194138   39  00 39                   .9....>
0.199946   95  80 00 07 F4 00 00 00 17 ........
0.199822  133  00 00 00 00 A7          .......-
0.199810  136  00 02 00 00 00 00 00 2A .......*
0.199810  13A  00 00 00 00 00 00 00 28 .......(
0.199810  13F  00 00 00 05 00 00 00 2E ........
0.199900  143  6B 6B 00 E0             kk....g
0.199708  158  00 00 00 00 00 00 00 19 ........
82199719  161  00 00 05 50 01 08 00 1C ...P....
0.201480   39  00 0C                   ........
0.201116   95  80 00 07 F4 00 00 00 17 ........
0.200242  133  00 00 00 00 A7          .......!
0.200257  136  00 02 00 00 00 00 00 2A .......*
0.200259  13A  00 00 00 00 00 00 00 28 .......(
0.200260  13F  00 00 00 05 00 00 00 2E ........
0.200182  143  6B 6B 00 E0             kk......
0.200349  158  00 00 00 00 00 00 00 19 ........
0.200343  161  00 00 05 50 01 08 00 1C ...P....
0.197952  164  00 00 C0 1A A9 00 00 03 ........
83200462  166  D0 32 00 18             .2..49..
0.203024   39  00 1B                   .......!
0.199868   95  80 00 07 F4 00 00 00 17 ........
0.199642  133  00 00 00 00 A7          .....Z.;
0.199642  136  00 02 00 00 00 00 00 2A .......*
0.199642  13A  00 00 00 00 00 00 00 28 .......(
0.199642  13F  00 00 00 05 00 00 00 2E ........
0.200778  143  6B 6B 00 E0             kk....f)
0.199649  158  00 00 00 00 00 00 00 19 ........
84199648  161  00 00 05 50 01 08 00 1C ...P....
0.196568   39  00 2A                   .*......
0.199025   95  80 00 07 F4 00 00 00 17 ........
0.199909  133  00 00 00 00 A7          .......!
0.199892  136  00 02 00 00 00 00 00 2A .......*
0.199891  13A  00 00 00 00 00 00 00 28 .......(
0.201086  13F  00 00 00 05 00 00 00 2E ........
0.199043  143  6B 6B 00 E0             kk......
0.199798  158  00 00 00 00 00 00 00 19 ........
85199799  161  00 00 05 50 01 08 00 1C ...P....
0.199955   39  00 39                   .9......
0.199992   95  80 00 07 F4 00 00 00 17 ........
0.199923  133  00 00 00 00 A7          .......!
0.199926  136  00 02 00 00 00 00 00 2A .......*
0.199929  13A  00 00 00 00 00 00 00 28 .......(
0.198737  13F  00 00 00 05 00 00 00 2E ........
0.201110  143  6B 6B 00 E0             kk.....>
0.199901  158  00 00 00 00 00 00 00 19 ........
0.201110  161  00 00 05 50 01 08 00 1C ...P....
0.201178  164  00 00 C0 1A A8 00 00 04 ........
0.199744  166  D0 32 00 18             .2.....)
86199957  17C  00 00 00 00 10 00 00 21 .......!
0.193921   39  00 0C                   .......$
0.200073   95  80 00 07 F4 00 00 00 17 ........
0.200026  133  00 00 00 00 A7          .......
0.200022  136  00 02 00 00 00 00 00 2A .......*
0.200018  13A  00 00 00 00 00 00 00 28 .......(
0.200014  13F  00 00 00 05 00 00 00 2E ........
0.198799  143  6B 6B 00 E0             kk...<.
0.200031  158  00 00 00 00 00 00 00 19 ........
87200040  161  00 00 05 50 01 08 00 1C ...P....
0.208332   39  00 2A                   .*......
0.200763   95  80 00 07 F4 00 00 00 17 ........
0.200024  133  00 00 00 00 A7          .......!
0.200026  136  00 02 00 00 00 00 00 2A .......*
0.200026  13A  00 00 00 00 00 00 00 28 .......(
0.200027  13F  00 00 00 05 00 00 00 2E ........
0.200936  143  6B 6B 00 E0             kk.....>
0.200128  158  00 00 00 00 00 00 00 19 ........
88198909  161  00 00 05 50 01 08 00 1C ...P....
0.194431   39  00 0C                   ........
0.198315   95  80 00 07 F4 00 00 00 35 .......5
0.199131  133  00 00 00 00 89          .......!
0.199135  136  00 02 00 00 00 00 00 0C ........
0.200339  13A  00 00 00 00 00 00 00 0A ........
0.200370  13F  00 00 00 05 00 00 00 00 ........
0.199420  143  6B 6B 00 C2             kk......
0.200249  158  00 00 00 00 00 00 00 37 .......7
0.200252  161  00 00 05 50 01 08 00 3A ...P...:
0.197962  164  00 00 C0 1A A8 00 00 22 ......."
89199534  166  D0 32 00 09             .2......
0.198660   39  00 2A                   .*......
0.199961   95  80 00 07 F4 00 00 00 35 .......5
0.200007  133  00 00 00 00 89          .....Z..
0.200006  136  00 02 00 00 00 00 00 0C ........
0.200006  13A  00 00 00 00 00 00 00 0A ........
0.200008  13F  00 00 00 05 00 00 00 00 ........
0.199858  143  6B 6B 00 C2             kk....H)
0.199997  158  00 00 00 00 00 00 00 37 .......7
0.200008  161  00 00 05 50 01 08 00 3A ...P...:
0.200017  164  00 00 C0 1A A8 00 00 22 ......."
90200091  166  D0 32 00 09             .2.....
0.201962   39  00 39                   .9......
0.200263   95  80 00 07 F4 00 00 00 35 .......5
0.200563  133  00 00 00 00 89          ........
0.200562  136  00 02 00 00 00 00 00 0C ........
0.199361  13A  00 00 00 00 00 00 00 0A ........
0.200437  13F  00 00 00 05 00 00 00 00 ........
91200385  143  6B 6B 00 C2             kk....f8
0.196764   39  00 0C                   .......7
0.200206   95  80 00 07 F4 00 00 00 35 .......5
0.200151  133  00 00 00 00 89          ......."
0.200166  136  00 02 00 00 00 00 00 0C ........
0.200165  13A  00 00 00 00 00 00 00 0A ........
0.199056  13F  00 00 00 05 00 00 00 00 ........
0.200186  143  6B 6B 00 C2             kk......
0.200183  158  00 00 00 00 00 00 00 37 .......7
0.200182  161  00 00 05 50 01 08 00 3A ...P...:
0.199041  164  00 00 C0 1A A8 00 00 22 ......."
0.199053  166  D0 32 00 09             .2....H.
92199036  17C  00 00 00 00 10 00 00 03 ........
0.203699   39  00 2A                   .*......
0.200431   95  80 00 07 F4 00 00 00 35 .......5
0.199174  133  00 00 00 00 89          ......!
0.200328  136  00 02 00 00 00 00 00 0C ........
0.200343  13A  00 00 00 00 00 00 00 0A ........
0.200343  13F  00 00 00 05 00 00 00 00 ........
0.199303  143  6B 6B 00 C2             kk....
0.200286  158  00 00 00 00 00 00 00 37 .......7
0.200284  161  00 00 05 50 01 08 00 3A ...P...:
0.200289  164  00 00 C0 1A A8 00 00 22 ......."
93191020  166  D0 32 00 36             .2.6.Z..
0.202215   39  00 39                   .9......
0.199731   95  80 00 07 F4 00 00 00 35 .......5
0.200910  133  00 00 00 00 89          .....
0.199740  136  00 02 00 00 00 00 00 0C ........
0.199723  13A  00 00 00 00 00 00 00 0A ........
0.199723  13F  00 00 00 05 00 00 00 00 ........
94199767  143  6B 6B 00 C2             kk....u.
0.199936   39  00 39                   .9.....7
0.200027   95  80 00 07 F4 00 00 00 35 .......5
0.200004  133  00 00 00 00 89          ......."
0.200018  136  00 02 00 00 00 00 00 0C ........
0.200019  13A  00 00 00 00 00 00 00 0A ........
0.200018  13F  00 00 00 05 00 00 00 00 ........
0.199929  143  6B 6B 00 C2             kk......
0.200223  158  00 00 00 00 00 00 00 37 .......7
0.200132  161  00 00 05 50 01 08 00 3A ...P...:
0.198900  164  00 00 C0 1A A8 00 00 22 ......."
95199858  166  D0 32 00 09             .2....f8
0.198341   39  00 0C                   ........
0.200607   95  80 00 07 F4 00 00 00 35 .......5
0.199538  133  00 00 00 00 89          ....../
0.199521  136  00 02 00 00 00 00 00 0C ........
0.199520  13A  00 00 00 00 00 00 00 0A ........
0.200660  13F  00 00 00 05 00 00 00 00 ........
0.200672  143  6B 6B 00 C2             kk....H.
0.199512  158  00 00 00 00 00 00 00 37 .......7
0.199513  161  00 00 05 50 01 08 00 3A ...P...:
0.200670  164  00 00 C0 1A A8 00 00 22 ......."
96200600  166  D0 32 00 09             .2......
0.202996   39  00 2A                   .*......
0.199477   95  80 00 07 F4 00 00 00 35 .......5
0.199486  133  00 00 00 00 89          ........
0.199486  136  00 02 00 00 00 00 00 0C ........
0.200620  13A  00 00 00 00 00 00 00 0A ........
0.199496  13F  00 00 00 05 00 00 00 00 ........
0.199487  143  6B 6B 00 C2             kk....f8
97200652  158  00 00 00 00 00 00 00 37 .......7
0.195606   39  00 39                   .9.P...:
0.200398   95  80 00 07 F4 00 00 00 35 .......5
0.200356  133  00 00 00 00 89          .....
0.200359  136  00 02 00 00 00 00 00 0C ........
0.199227  13A  00 00 00 00 00 00 00 0A ........
0.200329  13F  00 00 00 05 00 00 00 00 ........
0.200376  143  6B 6B 00 C2             kk..A.!
0.199201  158  00 00 00 00 00 00 00 37 .......7
0.200324  161  00 00 05 50 01 08 00 3A ...P...:<
