0.199517   95  80 00 07 F4 00 00 00 26 .......&
0.200632  133  00 00 00 00 B6          .......1
0.200623  136  00 02 00 00 00 00 00 39 .......9
0.200620  13A  00 00 00 00 00 00 00 37 .......7
0.200616  13F  00 00 00 05 00 00 00 3D .......=
0.199521  143  6B 6B 00 FF             kk......
0.199576  158  00 00 00 00 00 00 00 37 .......7
0.210954  161  00 00 05 50 01 08 00 3A ...P...:
0.199451  164  00 00 C0 1A A8 00 00 13 ........
68199576  166  D0 32 00 36             .2.6..H.
0.206979   39  00 39                   .9.....0
0.200059   95  80 00 07 F4 00 00 00 26 .......&
0.198923  133  00 00 00 00 B6          ......>
0.200017  136  00 02 00 00 00 00 00 39 .......9
0.200033  13A  00 00 00 00 00 00 00 37 .......7
0.200034  13F  00 00 00 05 00 00 00 3D .......=
0.200060  143  6B 6B 00 FF             kk....u.
0.200052  158  00 00 00 00 00 00 00 37 .......7
0.200052  161  00 00 05 50 01 08 00 3A ...P...:
0.200033  164  00 00 C0 1A A8 00 00 13 ........
69200049  166  D0 32 00 36             .2.6...)
0.203762   39  00 0C                   .......0
0.200327   95  80 00 07 F4 00 00 00 26 .......&
0.200317  133  00 00 00 00 B6          ........
0.199210  136  00 02 00 00 00 00 00 39 .......9
0.200287  13A  00 00 00 00 00 00 00 37 .......7
0.200316  13F  00 00 00 05 00 00 00 3D .......=
0.200318  143  6B 6B 00 FF             kk....W.
0.200363  158  00 00 00 00 00 00 00 37 .......7
0.189913  161  00 00 05 50 01 08 00 2B ...P...+
0.200313  164  00 00 C0 1A A8 00 00 13 ........
70200358  166  D0 32 00 36             .2.6.
0.188203   39  00 1B                   .......0
0.199705   95  80 00 07 F8 00 00 00 22 ......."
0.200815  133  00 00 00 00 B6          ........
0.200832  136  00 02 00 00 00 00 00 39 .......9
0.199740  13A  00 00 00 00 00 00 00 37 .......7
0.199712  13F  00 00 00 05 00 00 00 3D .......=
0.199714  143  6B 6B 00 FF             kk....u)
71199612  158  00 00 00 00 00 00 00 37 .......7
0.210974   39  00 39                   .9.P...:
0.199472   95  80 00 07 F4 00 00 00 26 .......&
0.199449  133  00 00 00 00 B6          .....
0.199429  136  00 02 00 00 00 00 00 39 .......9
0.199426  13A  00 00 00 00 00 00 00 37 .......7
0.200554  13F  00 00 00 05 00 00 00 3D .......=
0.200560  143  6B 6B 00 FF             kk..A..
0.200691  158  00 00 00 00 00 00 00 37 .......7
0.189083  161  00 00 05 50 01 08 00 2B ...P...+
0.200559  164  00 00 C0 1A A8 00 00 13 ........
72200627  166  D0 32 00 36             .2.6.<..
0.193031   39  00 39                   .9.....0
0.200086   95  80 00 07 F4 00 00 00 26 .......&
0.200067  133  00 00 00 00 B6          .....
0.200070  136  00 02 00 00 00 00 00 39 .......9
0.200074  13A  00 00 00 00 00 00 00 37 .......7
0.200057  13F  00 00 00 05 00 00 00 3D .......=
0.200106  143  6B 6B 00 FF             kk....u
0.200054  158  00 00 00 00 00 00 00 37 .......7
0.200080  161  00 00 05 50 01 08 00 2B ...P...+
0.200065  164  00 00 C0 1A A8 00 00 13 ........
73200056  166  D0 32 00 36             .2.6..b.
0.199394   39  00 0C                   .......0
0.200281   95  80 00 07 F4 00 00 00 26 .......&
0.199306  133  00 00 00 00 B6          ........
0.200387  136  00 02 00 00 00 00 00 39 .......9
0.200408  13A  00 00 00 00 00 00 00 37 .......7
0.199302  13F  00 00 00 05 00 00 00 3D .......=
74199231  143  6B 6B 00 FF             kk....W.
0.203703   39  00 1B                   .......7
0.200405   95  80 00 07 F4 00 00 00 26 .......&
0.200220  133  00 00 00 00 B6          ........
0.199137  136  00 02 00 00 00 00 00 39 .......9
0.200235  13A  00 00 00 00 00 00 00 37 .......7
0.200250  13F  00 00 00 05 00 00 00 3D .......=
0.200294  143  6B 6B 00 FF             kk......
0.199439  158  00 00 00 00 00 00 00 37 .......7
0.200215  161  00 00 05 50 01 08 00 2B ...P...+
0.200249  164  00 00 C0 1A A8 00 00 13 ........
75200519  166  D0 32 00 36             .2.6..u)
0.193405   39  00 2A                   .*.....0
0.199281   95  80 00 07 F4 00 00 00 26 .......&
0.200432  133  00 00 00 00 B6          .......
0.200432  136  00 02 00 00 00 00 00 39 .......9
0.199310  13A  00 00 00 00 00 00 00 37 .......7
0.199288  13F  00 00 00 05 00 00 00 3D .......=
0.200426  143  6B 6B 00 FF             kk....W.
0.200670  158  00 00 00 00 00 00 00 37 .......7
0.199309  161  00 00 05 50 01 08 00 2B ...P...+
0.200395  164  00 00 C0 1A A8 00 00 13 ........
0.200574  166  D0 32 00 36             .2.6....
76200410  17C  00 00 00 00 10 00 00 30 .......0
0.208575   39  00 0C                   .......?
0.200361   95  80 00 07 F4 00 00 00 26 .......&
0.199267  133  00 00 00 00 B6          .......
0.200392  136  00 02 00 00 00 00 00 39 .......9
0.200416  13A  00 00 00 00 00 00 00 37 .......7
0.200418  13F  00 00 00 05 00 00 00 3D .......=
77199260  143  6B 6B 00 FF             kk......
0.203409   39  00 1B                   .......7
0.199973   95  80 00 07 F4 00 00 00 26 .......&
0.200007  133  00 00 00 00 B6          ........
0.199993  136  00 02 00 00 00 00 00 39 .......9
0.199991  13A  00 00 00 00 00 00 00 37 .......7
0.199989  13F  00 00 00 05 00 00 00 3D .......=
0.199973  143  6B 6B 00 FF             kk..
0.199990  158  00 00 00 00 00 00 00 37 .......7
0.199990  161  00 00 05 50 01 08 00 3A ...P...:
0.199988  164  00 00 C0 1A A8 00 00 13 ........
78200008  166  D0 32 00 36             .2.6..W.
0.201562   39  00 2A                   .*.....0
0.200435   95  80 00 07 F4 00 00 00 26 .......&
0.200409  133  00 00 00 00 B6          .......
0.199297  136  00 02 00 00 00 00 00 39 .......9
0.199274  13A  00 00 00 00 00 00 00 37 .......7
0.200384  13F  00 00 00 05 00 00 00 3D .......=
0.200442  143  6B 6B 00 FF             kk....u.
0.190022  158  00 00 00 00 00 00 00 28 .......(
0.189997  161  00 00 05 50 01 08 00 2B ...P...+
0.200402  164  00 00 C0 1A A8 00 00 13 ........
79200376  166  D0 32 00 36             .2.6...)
0.195846   39  00 39                   .9.....0
0.199286   95  80 00 07 F4 00 00 00 26 .......&
0.200358  133  00 00 00 00 B6          ........
0.200375  136  00 02 00 00 00 00 00 39 .......9
0.200378  13A  00 00 00 00 00 00 00 37 .......7
0.199267  13F  00 00 00 05 00 00 00 3D .......=
80200374  143  6B 6B 00 FF             kk....W.
0.199642   39  00 0C                   .......7
0.200779   95  80 00 07 F4 00 00 00 26 .......&
0.199672  133  00 00 00 00 B6          ........
0.199655  136  00 02 00 00 00 00 00 39 .......9
0.199653  13A  00 00 00 00 00 00 00 37 .......7
0.200769  13F  00 00 00 05 00 00 00 3D .......=
0.199652  143  6B 6B 00 FF             kk......
0.199663  158  00 00 00 00 00 00 00 37 .......7
0.200764  161  00 00 05 50 01 08 00 2B ...P...+
0.200787  164  00 00 C0 1A A8 00 00 13 ........
0.199661  166  D0 32 00 36             .2.6..u)
81199677  17C  00 00 00 00 10 00 00 30 .......0
0.196078   39  00 1B                   .......=
0.199530   95  80 00 07 F4 00 00 00 26 .......&
0.199591  133  00 00 00 00 B6          .......
0.199590  136  00 02 00 00 00 00 00 39 .......9
0.200700  13A  00 00 00 00 00 00 00 37 .......7
0.199609  13F  00 00 00 05 00 00 00 3D .......=
0.199564  143  6B 6B 00 FF             kk...<
0.199474  158  00 00 00 00 00 00 00 37 .......7
0.209931  161  00 00 05 50 01 08 00 3A ...P...:
0.199591  164  00 00 C0 1A A8 00 00 13 ........
82199533  166  D0 32 00 36             .2.6.Z..
0.192561   39  00 2A                   .*.....0
0.200575   95  80 00 07 F4 00 00 00 26 .......&
0.200613  133  00 00 00 00 B6          .....
0.200615  136  00 02 00 00 00 00 00 39 .......9
0.199505  13A  00 00 00 00 00 00 00 37 .......7
0.199481  13F  00 00 00 05 00 00 00 3D .......=
83200599  143  6B 6B 00 FF             kk....u.
0.208671   39  00 1B                   .......7
0.199485   95  80 00 07 F4 00 00 00 08 ........
0.200555  133  00 00 00 00 98          ........
0.200578  136  00 02 00 00 00 00 00 1B ........
0.200581  13A  00 00 00 00 00 00 00 19 ........
0.200586  13F  00 00 00 05 00 00 00 1F ........
0.199472  143  6B 6B 00 D1             kk......
0.199483  158  00 00 00 00 00 00 00 19 ........
0.210944  161  00 00 05 50 01 08 00 1C ...P....
0.198289  164  00 00 C0 1A A8 00 00 31 .......1
84199486  166  D0 32 00 18             .2....W.
0.198640   39  00 39                   .9......
0.199812   95  80 00 07 F4 00 00 00 08 ........
0.199834  133  00 00 00 00 98          ....../
0.199811  136  00 02 00 00 00 00 00 1B ........
0.199815  13A  00 00 00 00 00 00 00 19 ........
0.200920  13F  00 00 00 05 00 00 00 1F ........
0.200919  143  6B 6B 00 D1             kk....H.
0.200939  158  00 00 00 00 00 00 00 19 ........
0.189434  161  00 00 05 50 01 08 00 0D ...P....
0.200939  164  00 00 C0 1A A8 00 00 31 .......1
85200932  166  D0 32 00 18             .2..x..)
0.204537   39  00 0C                   ........
0.199947   95  80 00 07 F4 00 00 00 08 ........
0.199927  133  00 00 00 00 98          ........
0.199927  136  00 02 00 00 00 00 00 1B ........
0.199920  13A  00 00 00 00 00 00 00 19 ........
0.199922  13F  00 00 00 05 00 00 00 1F ........
86199925  143  6B 6B 00 D1             kk....f8
0.196649   39  00 1B                   ........
0.200095   95  80 00 07 F4 00 00 00 08 ........
0.200098  133  00 00 00 00 98          .......1
0.200097  136  00 02 00 00 00 00 00 1B ........
0.200097  13A  00 00 00 00 00 00 00 19 ........
0.198984  13F  00 00 00 05 00 00 00 1F ........
0.200117  143  6B 6B 00 D1             kk......
0.200193  158  00 00 00 00 00 00 00 19 ........
0.200101  161  00 00 05 50 01 08 00 0D ...P....
0.200098  164  00 00 C0 1A A8 00 00 31 .......1
0.200191  166  D0 32 00 18             .2....H.
87200085  17C  00 00 00 00 10 00 00 12 ........
0.202413   39  00 39                   .9......
0.200086   95  80 00 07 F4 00 00 00 08 ........
0.200098  133  00 00 00 00 98          ......0
0.200100  136  00 02 00 00 00 00 00 1B ........
0.200100  13A  00 00 00 00 00 00 00 19 ........
0.200101  13F  00 00 00 05 00 00 00 1F ........
0.200078  143  6B 6B 00 D1             kk....
0.200083  158  00 00 00 00 00 00 00 19 ........
0.200073  161  00 00 05 50 01 08 00 0D ...P....
0.200097  164  00 00 C0 1A A8 00 00 31 .......1
88198925  166  D0 32 00 18             .2...Z..
0.200147   39  00 0C                   ........
0.200141   95  80 00 07 F4 00 00 00 08 ........
0.199131  133  00 00 00 00 98          .....
0.199136  136  00 02 00 00 00 00 00 1B ........
0.200224  13A  00 00 00 00 00 00 00 19 ........
0.200247  13F  00 00 00 05 00 00 00 1F ........
89199051  143  6B 6B 00 D1             kk....H.
0.198906   39  00 0C                   ........
0.199997   95  80 00 07 F4 00 00 00 08 ........
0.200023  133  00 00 00 00 98          .......1
0.201103  136  00 02 00 00 00 00 00 1B ........
0.200041  13A  00 00 00 00 00 00 00 19 ........
0.200023  13F  00 00 00 05 00 00 00 1F ........
0.200017  143  6B 6B 00 D1             kk......
0.200026  158  00 00 00 00 00 00 00 19 ........
0.189860  161  00 00 05 50 01 08 00 0D ...P....
0.198863  164  00 00 C0 1A A8 00 00 31 .......1
90200015  166  D0 32 00 18             .2....f8
0.201325   39  00 1B                   ........
0.200351   95  80 00 07 F4 00 00 00 08 ........
0.200010  133  00 00 00 00 98          ....../
0.198928  136  00 02 00 00 00 00 00 1B ........
0.199992  13A  00 00 00 00 00 00 00 19 ........
0.200022  13F  00 00 00 05 00 00 00 1F ........
0.200094  143  6B 6B 00 D1             kk....H.
0.200639  158  00 00 00 00 00 00 00 19 ........
0.200018  161  00 00 05 50 01 08 00 0D ...P....
0.201186  164  00 00 C0 1A A8 00 00 31 .......1
91200530  166  D0 32 00 18             .2......
0.201779   39  00 39                   .9......
0.199370   95  80 00 07 F4 00 00 00 08 ........
0.200720  133  00 00 00 00 98          ........
0.200733  136  00 02 00 00 00 00 00 1B ........
0.199644  13A  00 00 00 00 00 00 00 19 ........
0.199609  13F  00 00 00 05 00 00 00 1F ........
0.200705  143  6B 6B 00 D1             kk....f8
92200272  158  00 00 00 00 00 00 00 19 ........
0.196738   39  00 0C                   ...P....
0.200174   95  80 00 07 F4 00 00 00 08 ........
0.199052  133  00 00 00 00 98          .....
0.200122  136  00 02 00 00 00 00 00 1B ........
0.200145  13A  00 00 00 00 00 00 00 19 ........
0.200150  13F  00 00 00 05 00 00 00 1F ........
0.199083  143  6B 6B 00 D1             kk..A.0
0.200085  158  00 00 00 00 00 00 00 19 ........
0.200156  161  00 00 05 50 01 08 00 0D ...P....
0.200154  164  00 00 C0 1A A8 00 00 31 .......1
93198999  166  D0 32 00 18             .2...-..
0.202388   39  00 1B                   ........
0.200084   95  80 00 07 F4 00 00 00 08 ........
0.200033  133  00 00 00 00 98          .....
0.200055  136  00 02 00 00 00 00 00 1B ........
0.200048  13A  00 00 00 00 00 00 00 19 ........
0.200044  13F  00 00 00 05 00 00 00 1F ........
0.200064  143  6B 6B 00 D1             kk....f
0.199049  158  00 00 00 00 00 00 00 19 ........
0.200038  161  00 00 05 50 01 08 00 0D ...P....
0.200040  164  00 00 C0 1A A8 00 00 31 .......1
94200117  166  D0 32 00 18             .2....b/
0.194887   39  00 2A                   .*......
0.200689   95  80 00 07 F4 00 00 00 08 ........
0.200677  133  00 00 00 00 98          ........
0.199568  136  00 02 00 00 00 00 00 1B ........
0.199558  13A  00 00 00 00 00 00 00 19 ........
0.199557  13F  00 00 00 05 00 00 00 1F ........
95200652  143  6B 6B 00 D1             kk....H.
0.203387   39  00 39                   .9......
0.199853   95  80 00 07 F8 00 00 00 04 ........
0.199898  133  00 00 00 00 98          .......1
0.199898  136  00 02 00 00 00 00 00 1B ........
0.199891  13A  00 00 00 00 00 00 00 19 ........
0.199890  13F  00 00 00 05 00 00 00 1F ........
0.199906  143  6B 6B 00 D1             kk......
0.199765  158  00 00 00 00 00 00 00 19 ........
0.199905  161  00 00 05 50 01 08 00 0D ...P....
0.199924  164  00 00 C0 1A A8 00 00 31 .......1
96199835  166  D0 32 00 18             .2....f8
0.201421   39  00 0C                   ........
0.199206   95  80 00 07 F4 00 00 00 08 ........
0.200289  133  00 00 00 00 98          .......
0.200305  136  00 02 00 00 00 00 00 1B ........
0.200306  13A  00 00 00 00 00 00 00 19 ........
0.200306  13F  00 00 00 05 00 00 00 1F ........
0.199159  143  6B 6B 00 D1             kk....H.
0.200321  158  00 00 00 00 00 00 00 19 ........
0.200305  161  00 00 05 50 01 08 00 0D ...P....
0.199194  164  00 00 C0 1A A8 00 00 31 .......1
0.200311  166  D0 32 00 18             .2......
97200298  17C  00 00 00 00 10 00 00 12 ........
0.198886   39  00 1B                   ........
0.200014   95  80 00 07 F4 00 00 00 08 ........
0.198958  133  00 00 00 00 98          ......8
0.200014  136  00 02 00 00 00 00 00 1B ........
0.200030  13A  00 00 00 00 00 00 00 19 ........
0.200031  13F  00 00 00 05 00 00 00 1F ........
98200010  143  6B 6B 00 D1             kk.....8
0.202299   39  00 39                   .9......
0.200014   95  80 00 07 F4 00 00 00 08 ........
0.200078  133  00 00 00 00 98          .......1
0.200116  136  00 02 00 00 00 00 00 1B ........
0.200114  13A  00 00 00 00 00 00 00 19 ........
0.200114  13F  00 00 00 05 00 00 00 1F ........
0.200109  143  6B 6B 00 D1             kk..
0.199918  158  00 00 00 00 00 00 00 19 ........
0.200078  161  00 00 05 50 01 08 00 0D ...P....
0.200117  164  00 00 C0 1A A8 00 00 31 .......1
99199953  166  D0 32 00 18             .2....H.
0.190436   39  00 1B                   ........
0.199719   95  80 00 07 F4 00 00 00 26 .......&
0.200704  133  00 00 00 00 B6          ......>
0.199612  136  00 02 00 00 00 00 00 39 .......9
0.199601  13A  00 00 00 00 00 00 00 37 .......7
0.199604  13F  00 00 00 05 00 00 00 3D .......=
0.199652  143  6B 6B 00 FF             kk....f.
0.198691  158  00 00 00 00 00 00 00 37 .......7
0.209998  161  00 00 05 50 01 08 00 3A ...P...:
0.198427  164  00 00 C0 1A A8 00 00 13 ........
00198659  166  D0 32 00 36             .2.6<..8
0.208032   39  00 39                   .9.....0
0.199845   95  80 00 07 F4 00 00 00 26 .......&
0.199891  133  00 00 00 00 B6          ........
0.199896  136  00 02 00 00 00 00 00 39 .......9
0.199897  13A  00 00 00 00 00 00 00 37 .......7
0.199899  13F  00 00 00 05 00 00 00 3D .......=
0.199911  143  6B 6B 00 FF             kk....W.
0.200019  158  00 00 00 00 00 00 00 37 .......7
01200110  161  00 00 05 50 01 08 00 3A ...P...:
0.200770   39  00 0C                   ........
0.199665   95  80 00 07 F4 00 00 00 26 .......&
0.199712  133  00 00 00 00 B6          .......0
0.199690  136  00 02 00 00 00 00 00 39 .......9
0.199685  13A  00 00 00 00 00 00 00 37 .......7
0.199681  13F  00 00 00 05 00 00 00 3D .......=
0.200770  143  6B 6B 00 FF             kk.....>
0.200680  158  00 00 00 00 00 00 00 37 .......7
02189057  161  00 00 05 50 01 08 00 2B ...P...+
0.196444   39  00 1B                   ........
0.201043   95  80 00 07 F4 00 00 00 26 .......&
0.199866  133  00 00 00 00 B6          .......0
0.199867  136  00 02 00 00 00 00 00 39 .......9
0.199870  13A  00 00 00 00 00 00 00 37 .......7
0.200959  13F  00 00 00 05 00 00 00 3D .......=
0.199851  143  6B 6B 00 FF             kk......
0.199846  158  00 00 00 00 00 00 00 37 .......7
0.210243  161  00 00 05 50 01 08 00 3A ...P...:
0.209052  164  00 00 C0 1A A8 00 00 22 ......."
0.199845  166  D0 32 00 36             .2.6....
03199859  17C  00 00 00 00 10 00 00 30 .......0
0.203191   39  00 39                   .9.....=
0.199705   95  80 00 07 F8 00 00 00 22 ......."
0.199729  133  00 00 00 00 B6          ......!
0.199730  136  00 02 00 00 00 00 00 39 .......9
0.200817  13A  00 00 00 00 00 00 00 37 .......7
0.199745  13F  00 00 00 05 00 00 00 3D .......=
0.199730  143  6B 6B 00 FF             kk....<
0.199815  158  00 00 00 00 00 00 00 37 .......7
0.199825  161  00 00 05 50 01 08 00 3A ...P...:
04199955  164  00 00 C0 1A A8 00 00 22 ......."
0.196606   39  00 0C                   ...6.Z.;
0.200112   95  80 00 07 F4 00 00 00 26 .......&
0.200013  133  00 00 00 00 B6          .......2
0.200012  136  00 02 00 00 00 00 00 39 .......9
0.200034  13A  00 00 00 00 00 00 00 37 .......7
0.200037  13F  00 00 00 05 00 00 00 3D .......=
0.200090  143  6B 6B 00 FF             kk....h.
0.200015  158  00 00 00 00 00 00 00 37 .......7
05200010  161  00 00 05 50 01 08 00 3A ...P...:
0.197563   39  00 0C                   ......."
0.199822   95  80 00 07 F4 00 00 00 26 .......&
0.199934  133  00 00 00 00 B6          .......0
0.199934  136  00 02 00 00 00 00 00 39 .......9
0.199912  13A  00 00 00 00 00 00 00 37 .......7
0.199916  13F  00 00 00 05 00 00 00 3D .......=
0.199845  143  6B 6B 00 FF             kk.....>
0.199813  158  00 00 00 00 00 00 00 37 .......7
0.199809  161  00 00 05 50 01 08 00 3A ...P...:
0.190615  164  00 00 C0 1A A8 00 00 13 ........
06199821  166  D0 32 00 36             .2.6....
0.196204   39  00 1B                   .......0
0.199708   95  80 00 07 F4 00 00 00 26 .......&
0.199657  133  00 00 00 00 B6          .....Z..
0.200770  136  00 02 00 00 00 00 00 39 .......9
0.199696  13A  00 00 00 00 00 00 00 37 .......7
0.199672  13F  00 00 00 05 00 00 00 3D .......=
0.199709  143  6B 6B 00 FF             kk....W.
0.199705  158  00 00 00 00 00 00 00 37 .......7
07200858  161  00 00 05 50 01 08 00 3A ...P...:
0.201820   39  00 2A                   .*......
0.199616   95  80 00 07 F8 00 00 00 22 ......."
0.200674  133  00 00 00 00 B6          .......0
0.199562  136  00 02 00 00 00 00 00 39 .......9
0.199549  13A  00 00 00 00 00 00 00 37 .......7
0.199551  13F  00 00 00 05 00 00 00 3D .......=
0.200724  143  6B 6B 00 FF             kk.....>
0.200805  158  00 00 00 00 00 00 00 37 .......7
08189138  161  00 00 05 50 01 08 00 2B ...P...+
0.207368   39  00 0C                   ........
0.200351   95  80 00 07 F4 00 00 00 26 .......&
0.199308  133  00 00 00 00 B6          .......0
0.200392  136  00 02 00 00 00 00 00 39 .......9
0.200414  13A  00 00 00 00 00 00 00 37 .......7
0.200415  13F  00 00 00 05 00 00 00 3D .......=
0.199212  143  6B 6B 00 FF             kk......
0.200224  158  00 00 00 00 00 00 00 37 .......7
0.200433  161  00 00 05 50 01 08 00 2B ...P...+
0.199301  164  00 00 C0 1A A9 00 00 12 ........
0.200224  166  D0 32 00 36             .2.6....
09199284  17C  00 00 00 00 10 00 00 30 .......0
0.196332   39  00 1B                   .......?
0.200890   95  80 00 07 F4 00 00 00 26 .......&
0.200863  133  00 00 00 00 B6          .......
0.199791  136  00 02 00 00 00 00 00 39 .......9
0.199767  13A  00 00 00 00 00 00 00 37 .......7
0.199763  13F  00 00 00 05 00 00 00 3D .......=
0.200889  143  6B 6B 00 FF             kk....<
0.199781  158  00 00 00 00 00 00 00 37 .......7
10199736  161  00 00 05 50 01 08 00 2B ...P...+
0.201250   39  00 2A                   .*......
0.200075   95  80 00 07 F4 00 00 00 26 .......&
0.200097  133  00 00 00 00 B6          .......0
0.200098  136  00 02 00 00 00 00 00 39 .......9
0.200097  13A  00 00 00 00 00 00 00 37 .......7
0.200097  13F  00 00 00 05 00 00 00 3D .......=
0.199001  143  6B 6B 00 FF             kk......
0.200099  158  00 00 00 00 00 00 00 37 .......7
11200116  161  00 00 05 50 01 08 00 2B ...P...+
0.201535   39  00 39                   .9......
0.199283   95  80 00 07 F8 00 00 00 22 ......."
0.199239  133  00 00 00 00 B6          .......0
0.199222  136  00 02 00 00 00 00 00 39 .......9
0.200346  13A  00 00 00 00 00 00 00 37 .......7
0.200363  13F  00 00 00 05 00 00 00 3D .......=
0.200363  143  6B 6B 00 FF             kk.....>
0.199251  158  00 00 00 00 00 00 00 37 .......7
0.210716  161  00 00 05 50 01 08 00 3A ...P...:
0.200364  164  00 00 C0 1A A8 00 00 13 ........
12199277  166  D0 32 00 36             .2.6...8
0.195128   39  00 0C                   .......0
0.199687   95  80 00 07 F4 00 00 00 26 .......&
0.199810  133  00 00 00 00 B6          .....Z.;
0.200897  136  00 02 00 00 00 00 00 39 .......9
0.199797  13A  00 00 00 00 00 00 00 37 .......7
0.199784  13F  00 00 00 05 00 00 00 3D .......=
0.199743  143  6B 6B 00 FF             kk....W.
0.200856  158  00 00 00 00 00 00 00 37 .......7
13189443  161  00 00 05 50 01 08 00 2B ...P...+
0.209379   39  00 1B                   ........
0.200215   95  80 00 07 F4 00 00 00 26 .......&
0.200165  133  00 00 00 00 B6          .......0
0.199082  136  00 02 00 00 00 00 00 39 .......9
0.200141  13A  00 00 00 00 00 00 00 37 .......7
0.200156  13F  00 00 00 05 00 00 00 3D .......=
0.200188  143  6B 6B 00 FF             kk.....>
0.199133  158  00 00 00 00 00 00 00 37 .......7
0.210509  161  00 00 05 50 01 08 00 3A ...P...:
14200156  164  00 00 C0 1A A8 00 00 13 ........
0.200486   39  00 39                   .9.6FA3%
0.200465   95  80 00 07 F4 00 00 00 26 .......&
0.210811  133  00 00 00 00 89          .......4
0.200452  136  00 02 00 00 00 00 00 39 .......9
0.199372  13A  00 00 00 00 00 00 00 37 .......7
0.199356  13F  00 00 00 05 00 00 00 3D .......=
0.200460  143  6B 6B 00 FF             kk....g.
0.200414  158  00 00 00 00 00 00 00 37 .......7
0.199323  161  00 00 05 50 01 08 00 3A ...P...:
0.200469  164  00 00 C0 1A A8 00 00 13 ........
15200433  166  D0 32 00 36             .2.6"./9
0.195699   39  00 0C                   .......0
0.200338   95  80 00 07 F8 00 00 00 22 ......."
0.189778  133  00 00 00 00 B6          .....
0.200133  136  00 02 00 00 00 00 00 39 .......9
0.200131  13A  00 00 00 00 00 00 00 37 .......7
0.200127  13F  00 00 00 05 00 00 00 3D .......=
0.200283  143  6B 6B 00 FF             kk....u
0.200353  158  00 00 00 00 00 00 00 37 .......7
16189798  161  00 00 05 50 01 08 00 2B ...P...+
0.200854   39  00 39                   .9......
0.198529   95  80 00 07 F4 00 00 00 08 ........
0.210264  133  00 00 00 00 A7          .......0
0.199839  136  00 02 00 00 00 00 00 1B ........
0.199840  13A  00 00 00 00 00 00 00 19 ........
0.200941  13F  00 00 00 05 00 00 00 1F ........
0.199698  143  6B 6B 00 D1             kk......
0.199699  158  00 00 00 00 00 00 00 19 ........
17210250  161  00 00 05 50 01 08 00 1C ...P....
0.191109   39  00 0C                   ........
0.200399   95  80 00 07 F4 00 00 00 08 ........
0.189958  133  00 00 00 00 98          ........
0.200384  136  00 02 00 00 00 00 00 1B ........
0.200382  13A  00 00 00 00 00 00 00 19 ........
0.199282  13F  00 00 00 05 00 00 00 1F ........
0.200399  143  6B 6B 00 D1             kk......
0.200334  158  00 00 00 00 00 00 00 19 ........
0.189967  161  00 00 05 50 01 08 00 0D ...P....
0.192250  164  00 00 C0 1A A8 00 00 31 .......1
18199241  166  D0 32 00 18             .2.....8
0.202586   39  00 1B                   ........
0.200143   95  80 00 07 F4 00 00 00 08 ........
0.200208  133  00 00 00 00 98          .....Z.;
0.200224  136  00 02 00 00 00 00 00 1B ........
0.200226  13A  00 00 00 00 00 00 00 19 ........
0.200226  13F  00 00 00 05 00 00 00 1F ........
0.199033  143  6B 6B 00 D1             kk....f.
0.199040  158  00 00 00 00 00 00 00 19 ........
0.210541  161  00 00 05 50 01 08 00 1C ...P....
0.197974  164  00 00 C0 1A A8 00 00 31 .......1
19200144  166  D0 32 00 18             .2..../
0.205456   39  00 39                   .9......
0.199789   95  80 00 07 F4 00 00 00 08 ........
0.199709  133  00 00 00 00 98          ........
0.199709  136  00 02 00 00 00 00 00 1B ........
0.199708  13A  00 00 00 00 00 00 00 19 ........
0.199714  13F  00 00 00 05 00 00 00 1F ........
0.200874  143  6B 6B 00 D1             kk....H)
20200898  158  00 00 00 00 00 00 00 19 ........
0.195185   39  00 0C                   ...P....
0.199846   95  80 00 07 F4 00 00 00 08 ........
0.199852  133  00 00 00 00 98          .....
0.199836  136  00 02 00 00 00 00 00 1B ........
0.199835  13A  00 00 00 00 00 00 00 19 ........
0.199829  13F  00 00 00 05 00 00 00 1F ........
0.199872  143  6B 6B 00 D1             kk..A.8
0.199863  158  00 00 00 00 00 00 00 19 ........
0.210225  161  00 00 05 50 01 08 00 1C ...P....
0.209063  164  00 00 C0 1A A8 00 00 04 ........
21199861  166  D0 32 00 18             .2......
0.207366   39  00 1B                   ........
0.200386   95  80 00 07 F4 00 00 00 08 ........
0.199352  133  00 00 00 00 98          .....
0.200460  136  00 02 00 00 00 00 00 1B ........
0.200477  13A  00 00 00 00 00 00 00 19 ........
0.200479  13F  00 00 00 05 00 00 00 1F ........
0.199273  143  6B 6B 00 D1             kk....H
0.199281  158  00 00 00 00 00 00 00 19 ........
0.200416  161  00 00 05 50 01 08 00 1C ...P....
0.191244  164  00 00 C0 1A A8 00 00 31 .......1
22199296  166  D0 32 00 18             .2....b.
0.200342   39  00 2A                   .*......
0.200377   95  80 00 07 F4 00 00 00 08 ........
0.210603  133  00 00 00 00 A7          ........
0.199256  136  00 02 00 00 00 00 00 1B ........
0.199242  13A  00 00 00 00 00 00 00 19 ........
0.200349  13F  00 00 00 05 00 00 00 1F ........
23200380  143  6B 6B 00 D1             kk....f.
0.195124   39  00 2A                   .*......
0.199643   95  80 00 07 F4 00 00 00 08 ........
0.189376  133  00 00 00 00 98          .......1
0.199617  136  00 02 00 00 00 00 00 1B ........
0.200726  13A  00 00 00 00 00 00 00 19 ........
0.199637  13F  00 00 00 05 00 00 00 1F ........
0.199690  143  6B 6B 00 D1             kk......
0.199693  158  00 00 00 00 00 00 00 19 ........
0.200829  161  00 00 05 50 01 08 00 1C ...P....
0.199624  164  00 00 C0 1A A8 00 00 31 .......1
24199656  166  D0 32 00 18             .2....H)
0.199949   39  00 0C                   ........
0.199976   95  80 00 07 F4 00 00 00 08 ........
0.199961  133  00 00 00 00 98          .......
0.201068  136  00 02 00 00 00 00 00 1B ........
0.199972  13A  00 00 00 00 00 00 00 19 ........
0.199952  13F  00 00 00 05 00 00 00 1F ........
0.199919  143  6B 6B 00 D1             kk....f.
0.199963  158  00 00 00 00 00 00 00 19 ........
0.199961  161  00 00 05 50 01 08 00 1C ...P....
0.199948  164  00 00 C0 1A A8 00 00 31 .......1
0.199966  166  D0 32 00 18             .2......
25199944  17C  00 00 00 00 10 00 00 12 ........
0.196452   39  00 1B                   ........
0.199965   95  80 00 07 F4 00 00 00 08 ........
0.199928  133  00 00 00 00 98          ......0
0.199920  136  00 02 00 00 00 00 00 1B ........
0.199941  13A  00 00 00 00 00 00 00 19 ........
0.199946  13F  00 00 00 05 00 00 00 1F ........
26199969  143  6B 6B 00 D1             kk...-..
0.202364   39  00 2A                   .*......
0.200009   95  80 00 07 F4 00 00 00 08 ........
0.200036  133  00 00 00 00 98          .......1
0.200023  136  00 02 00 00 00 00 00 1B ........
0.200012  13A  00 00 00 00 00 00 00 19 ........
0.200012  13F  00 00 00 05 00 00 00 1F ........
0.200024  143  6B 6B 00 D1             kk..
0.200007  158  00 00 00 00 00 00 00 19 ........
0.200007  161  00 00 05 50 01 08 00 1C ...P....
0.200012  164  00 00 C0 1A A8 00 00 31 .......1
27200009  166  D0 32 00 18             .2....f.
0.201111   39  00 39                   .9......
0.199968   95  80 00 07 F4 00 00 00 08 ........
0.199981  133  00 00 00 00 98          .......
0.200006  136  00 02 00 00 00 00 00 1B ........
0.199996  13A  00 00 00 00 00 00 00 19 ........
0.199992  13F  00 00 00 05 00 00 00 1F ........
0.199957  143  6B 6B 00 D1             kk....H.
0.199965  158  00 00 00 00 00 00 00 19 ........
0.199966  161  00 00 05 50 01 08 00 1C ...P....
0.199990  164  00 00 C0 1A A9 00 00 30 .......0
28199965  166  D0 32 00 18             .2.....)
0.195895   39  00 0C                   ........
0.200488   95  80 00 07 F4 00 00 00 08 ........
0.210828  133  00 00 00 00 A7          ........
0.199404  136  00 02 00 00 00 00 00 1B ........
0.199392  13A  00 00 00 00 00 00 00 19 ........
0.199394  13F  00 00 00 05 00 00 00 1F ........
29200487  143  6B 6B 00 D1             kk....f.
0.199878   39  00 1B                   ........
0.199893   95  80 00 07 F4 00 00 00 08 ........
0.199876  133  00 00 00 00 A7          .......1
0.199855  136  00 02 00 00 00 00 00 1B ........
0.199853  13A  00 00 00 00 00 00 00 19 ........
0.200943  13F  00 00 00 05 00 00 00 1F ........
0.199893  143  6B 6B 00 D1             kk......
0.199876  158  00 00 00 00 00 00 00 19 ........
0.199877  161  00 00 05 50 01 08 00 1C ...P....
0.199884  164  00 00 C0 1A A8 00 00 31 .......1
0.199866  166  D0 32 00 18             .2....H)
30199867  17C  00 00 00 00 10 00 00 12 ........
0.196320   39  00 2A                   .*......
0.199758   95  80 00 07 F4 00 00 00 08 ........
0.189493  133  00 00 00 00 98          .......
0.199826  136  00 02 00 00 00 00 00 1B ........
0.200936  13A  00 00 00 00 00 00 00 19 ........
0.199864  13F  00 00 00 05 00 00 00 1F ........
0.199757  143  6B 6B 00 D1             kk....
0.199809  158  00 00 00 00 00 00 00 19 ........
0.199814  161  00 00 05 50 01 08 00 1C ...P....
0.199845  164  00 00 C0 1A A9 00 00 30 .......0
31199818  166  D0 32 00 18             .2...Z..
0.207456   39  00 0C                   ........
0.200474   95  80 00 07 F8 00 00 00 04 ........
0.209549  133  00 00 00 00 A7          .....
0.210652  136  00 02 00 00 00 00 00 2A .......*
0.199408  13A  00 00 00 00 00 00 00 19 ........
0.199387  13F  00 00 00 05 00 00 00 1F ........
32200535  143  6B 6B 00 D1             kk....H.
0.204429   39  00 39                   .9......
0.198774   95  80 00 07 F4 00 00 00 26 .......&
0.200036  133  00 00 00 00 89          .......1
0.200068  136  00 02 00 00 00 00 00 0C ........
0.199874  13A  00 00 00 00 00 00 00 37 .......7
0.199874  13F  00 00 00 05 00 00 00 3D .......=
0.199877  143  6B 6B 00 FF             kk......
0.200028  158  00 00 00 00 00 00 00 37 .......7
0.200029  161  00 00 05 50 01 08 00 3A ...P...:
0.209028  164  00 00 C0 1A A8 00 00 22 ......."
33199998  166  D0 32 00 36             .2.6..f.
0.201609   39  00 1B                   .......0
0.200453   95  80 00 07 F4 00 00 00 26 .......&
0.190012  133  00 00 00 00 B6          ....../
0.189992  136  00 02 00 00 00 00 00 39 .......9
0.200337  13A  00 00 00 00 00 00 00 37 .......7
0.200338  13F  00 00 00 05 00 00 00 3D .......=
0.199287  143  6B 6B 00 FF             kk....W.
0.199319  158  00 00 00 00 00 00 00 37 .......7
0.199304  161  00 00 05 50 01 08 00 3A ...P...:
0.191184  164  00 00 C0 1A A8 00 00 13 ........
34199295  166  D0 32 00 36             .2.6x..)
0.193801   39  00 1B                   .......0
0.199574   95  80 00 07 F4 00 00 00 26 .......&
0.209968  133  00 00 00 00 89          ........
0.209989  136  00 02 00 00 00 00 00 0C ........
0.199553  13A  00 00 00 00 00 00 00 37 .......7
0.199561  13F  00 00 00 05 00 00 00 3D .......=
35200687  143  6B 6B 00 FF             kk....u8
0.206153   39  00 39                   .9.....7
0.200384   95  80 00 07 F4 00 00 00 26 .......&
0.190008  133  00 00 00 00 B6          ......."
0.189994  136  00 02 00 00 00 00 00 39 .......9
0.200429  13A  00 00 00 00 00 00 00 37 .......7
0.200423  13F  00 00 00 05 00 00 00 3D .......=
0.199274  143  6B 6B 00 FF             kk......
0.199293  158  00 00 00 00 00 00 00 37 .......7
0.199278  161  00 00 05 50 01 08 00 3A ...P...:
0.191188  164  00 00 C0 1A A8 00 00 13 ........
0.199278  166  D0 32 00 36             .2.6..W.
36199289  17C  00 00 00 00 10 00 00 30 .......0
0.189255   39  00 0C                   .......<
0.199488   95  80 00 07 F4 00 00 00 26 .......&
0.210874  133  00 00 00 00 89          ......)
0.199638  136  00 02 00 00 00 00 00 39 .......9
0.199621  13A  00 00 00 00 00 00 00 37 .......7
0.199618  13F  00 00 00 05 00 00 00 3D .......=
0.200631  143  6B 6B 00 FF             kk....
0.200473  158  00 00 00 00 00 00 00 37 .......7
0.200486  161  00 00 05 50 01 08 00 3A ...P...:
0.208575  164  00 00 C0 1A A8 00 00 22 ......."
37200526  166  D0 32 00 36             .2.6.Z..
0.207209   39  00 1B                   .......0
0.200441   95  80 00 07 F4 00 00 00 26 .......&
0.199380  133  00 00 00 00 89          .....
0.209491  136  00 02 00 00 00 00 00 0C ........
0.200344  13A  00 00 00 00 00 00 00 37 .......7
0.200345  13F  00 00 00 05 00 00 00 3D .......=
38199315  143  6B 6B 00 FF             kk....W.
0.192617   39  00 1B                   .......7
0.199581   95  80 00 07 F4 00 00 00 26 .......&
0.200790  133  00 00 00 00 89          ......."
0.190375  136  00 02 00 00 00 00 00 39 .......9
0.199526  13A  00 00 00 00 00 00 00 37 .......7
0.199528  13F  00 00 00 05 00 00 00 3D .......=
0.200674  143  6B 6B 00 FF             kk......
0.200776  158  00 00 00 00 00 00 00 37 .......7
0.199666  161  00 00 05 50 01 08 00 3A ...P...:
0.199654  164  00 00 C0 1A A8 00 00 22 ......."
39200754  166  D0 32 00 36             .2.6..u8
0.199783   39  00 2A                   .*.....0
0.200915   95  80 00 07 F4 00 00 00 26 .......&
0.189347  133  00 00 00 00 B6          ......>
0.199763  136  00 02 00 00 00 00 00 39 .......9
0.199758  13A  00 00 00 00 00 00 00 37 .......7
0.200874  13F  00 00 00 05 00 00 00 3D .......=
0.199776  143  6B 6B 00 FF             kk....W.
0.199784  158  00 00 00 00 00 00 00 37 .......7
0.199780  161  00 00 05 50 01 08 00 3A ...P...:
0.200910  164  00 00 C0 1A A8 00 00 22 ......."
40199788  166  D0 32 00 36             .2.6....
0.208549   39  00 0C                   .......0
0.199244   95  80 00 07 F4 00 00 00 26 .......&
0.209698  133  00 00 00 00 89          ........
0.209698  136  00 02 00 00 00 00 00 0C ........
0.210848  13A  00 00 00 00 00 00 00 0A ........
0.199256  13F  00 00 00 05 00 00 00 3D .......=
0.199274  143  6B 6B 00 FF             kk....u8
41200414  158  00 00 00 00 00 00 00 37 .......7
0.191136   39  00 1B                   ...P...:
0.200389   95  80 00 07 F4 00 00 00 26 .......&
0.189966  133  00 00 00 00 B6          .....
0.189966  136  00 02 00 00 00 00 00 39 .......9
0.189925  13A  00 00 00 00 00 00 00 37 .......7
0.200414  13F  00 00 00 05 00 00 00 3D .......=
0.200389  143  6B 6B 00 FF             kk..A.!
0.199213  158  00 00 00 00 00 00 00 37 .......7
0.199213  161  00 00 05 50 01 08 00 3A ...P...:
0.200412  164  00 00 C0 1A A8 00 00 13 ........
42200292  166  D0 32 00 36             .2.6.<..
0.208787   39  00 2A                   .*.....0
0.200686   95  80 00 07 F4 00 00 00 26 .......&
0.209971  133  00 00 00 00 89          .....
0.209983  136  00 02 00 00 00 00 00 0C ........
0.210021  13A  00 00 00 00 00 00 00 0A ........
0.199553  13F  00 00 00 05 00 00 00 3D .......=
0.199539  143  6B 6B 00 FF             kk....u
0.200723  158  00 00 00 00 00 00 00 37 .......7
0.200723  161  00 00 05 50 01 08 00 3A ...P...:
0.199551  164  00 00 C0 1A A8 00 00 13 ........
43200770  166  D0 32 00 36             .2.6..b/
0.187087   39  00 39                   .9.....0
0.199854   95  80 00 07 F4 00 00 00 26 .......&
0.199829  133  00 00 00 00 89          ........
0.200954  136  00 02 00 00 00 00 00 0C ........
0.189457  13A  00 00 00 00 00 00 00 37 .......7
0.199913  13F  00 00 00 05 00 00 00 3D .......=
44200988  143  6B 6B 00 FF             kk....W.
0.210629   39  00 0C                   .......7
0.199034   95  80 00 07 F8 00 00 00 22 ......."
0.200178  133  00 00 00 00 89          ........
0.199044  136  00 02 00 00 00 00 00 0C ........
0.210533  13A  00 00 00 00 00 00 00 0A ........
0.200074  13F  00 00 00 05 00 00 00 3D .......=
0.199026  143  6B 6B 00 FF             kk......
0.200170  158  00 00 00 00 00 00 00 37 .......7
0.200173  161  00 00 05 50 01 08 00 3A ...P...:
0.200075  164  00 00 C0 1A A8 00 00 13 ........
45200167  166  D0 32 00 36             .2.6..u8
0.193349   39  00 1B                   .......0
0.200410   95  80 00 07 F4 00 00 00 26 .......&
0.189900  133  00 00 00 00 B6          .......
0.189897  136  00 02 00 00 00 00 00 39 .......9
0.189834  13A  00 00 00 00 00 00 00 37 .......7
0.200319  13F  00 00 00 05 00 00 00 3D .......=
0.200391  143  6B 6B 00 FF             kk....W.
0.199277  158  00 00 00 00 00 00 00 37 .......7
0.199277  161  00 00 05 50 01 08 00 3A ...P...:
0.200319  164  00 00 C0 1A A8 00 00 13 ........
0.199279  166  D0 32 00 36             .2.6....
46199185  17C  00 00 00 00 10 00 00 30 .......0
0.200038   39  00 2A                   .*.....5
0.199750   95  80 00 07 F4 00 00 00 26 .......&
0.210132  133  00 00 00 00 89          ......)
0.210132  136  00 02 00 00 00 00 00 0C ........
0.210169  13A  00 00 00 00 00 00 00 0A ........
0.200004  13F  00 00 00 05 00 00 00 3D .......=
47199848  143  6B 6B 00 FF             kk.....8
0.209611   39  00 0C                   .......7
0.200566   95  80 00 07 F4 00 00 00 26 .......&
0.199589  133  00 00 00 00 89          ........
0.200792  136  00 02 00 00 00 00 00 0C ........
0.189218  13A  00 00 00 00 00 00 00 37 .......7
0.199353  13F  00 00 00 05 00 00 00 3D .......=
0.200508  143  6B 6B 00 FF             kk..
0.199576  158  00 00 00 00 00 00 00 37 .......7
0.199587  161  00 00 05 50 01 08 00 3A ...P...:
0.200472  164  00 00 C0 1A A8 00 00 13 ........
48200607  166  D0 32 00 36             .2.6..W.
0.192622   39  00 2A                   .*.....0
0.198411   95  80 00 07 F4 00 00 00 08 ........
0.199494  133  00 00 00 00 A7          .......
0.199426  136  00 02 00 00 00 00 00 2A .......*
0.199488  13A  00 00 00 00 00 00 00 19 ........
0.200599  13F  00 00 00 05 00 00 00 1F ........
0.199522  143  6B 6B 00 D1             kk....u.
0.199488  158  00 00 00 00 00 00 00 19 ........
0.199479  161  00 00 05 50 01 08 00 1C ...P....
0.207597  164  00 00 C0 1A A8 00 00 04 ........
49199529  166  D0 32 00 18             .2..n..8
0.199761   39  00 0C                   ........
0.200574   95  80 00 07 F4 00 00 00 08 ........
0.200319  133  00 00 00 00 A7          ........
0.199183  136  00 02 00 00 00 00 00 2A .......*
0.210645  13A  00 00 00 00 00 00 00 28 .......(
0.199748  13F  00 00 00 05 00 00 00 1F ........
0.199581  143  6B 6B 00 D1             kk....f.
0.199264  158  00 00 00 00 00 00 00 19 ........
0.200322  161  00 00 05 50 01 08 00 1C ...P....
0.200319  164  00 00 C0 1A A8 00 00 04 ........
50199334  166  D0 32 00 18             .2...
0.201116   39  00 1B                   ........
0.199957   95  80 00 07 F4 00 00 00 08 ........
0.199910  133  00 00 00 00 A7          ........
0.200976  136  00 02 00 00 00 00 00 2A .......*
0.190192  13A  00 00 00 00 00 00 00 19 ........
0.199983  13F  00 00 00 05 00 00 00 1F ........
51199973  143  6B 6B 00 D1             kk....H8
0.195431   39  00 2A                   .*......
0.200220   95  80 00 07 F4 00 00 00 08 ........
0.200700  133  00 00 00 00 A7          ........
0.199647  136  00 02 00 00 00 00 00 2A .......*
0.209368  13A  00 00 00 00 00 00 00 28 .......(
0.209364  13F  00 00 00 05 00 00 00 2E ........
0.200078  143  6B 6B 00 D1             kk......
0.200520  158  00 00 00 00 00 00 00 19 ........
0.199496  161  00 00 05 50 01 08 00 1C ...P....
0.200671  164  00 00 C0 1A A8 00 00 04 ........
0.200360  166  D0 32 00 18             .2....f.
52210518  17C  00 00 00 00 10 00 00 21 .......!
0.204022   39  00 0C                   ........
0.199568   95  80 00 07 F8 00 00 00 04 ........
0.199403  133  00 00 00 00 A7          .......
0.199392  136  00 02 00 00 00 00 00 2A .......*
0.200505  13A  00 00 00 00 00 00 00 28 .......(
0.190123  13F  00 00 00 05 00 00 00 1F ........
0.199570  143  6B 6B 00 D1             kk...-
0.199497  158  00 00 00 00 00 00 00 19 ........
0.200584  161  00 00 05 50 01 08 00 1C ...P....
0.199431  164  00 00 C0 1A A8 00 00 04 ........
0.199569  166  D0 32 00 18             .2...Z.;
53190098  17C  00 00 00 00 10 00 00 12 ........
0.202441   39  00 1B                   ........
0.200101   95  80 00 07 F4 00 00 00 08 ........
0.200105  133  00 00 00 00 A7          ........
0.200103  136  00 02 00 00 00 00 00 2A .......*
0.198990  13A  00 00 00 00 00 00 00 28 .......(
0.210505  13F  00 00 00 05 00 00 00 2E ........
54200103  143  6B 6B 00 D1             kk......
0.207411   39  00 2A                   .*......
0.200494   95  80 00 07 F4 00 00 00 08 ........
0.200448  133  00 00 00 00 A7          .......1
0.200466  136  00 02 00 00 00 00 00 2A .......*
0.200467  13A  00 00 00 00 00 00 00 28 .......(
0.199340  13F  00 00 00 05 00 00 00 2E ........
0.200479  143  6B 6B 00 D1             kk..
0.200465  158  00 00 00 00 00 00 00 19 ........
0.199331  161  00 00 05 50 01 08 00 1C ...P....
0.212047  164  00 00 C0 1A A8 00 00 04 ........
55200469  166  D0 32 00 18             .2....H)
0.184596   39  00 2A                   .*......
0.199622   95  80 00 07 F4 00 00 00 08 ........
0.199732  133  00 00 00 00 A7          .......
0.199718  136  00 02 00 00 00 00 00 2A .......*
0.199721  13A  00 00 00 00 00 00 00 28 .......(
0.200864  13F  00 00 00 05 00 00 00 2E ........
0.199685  143  6B 6B 00 D1             kk....f.
0.199711  158  00 00 00 00 00 00 00 19 ........
0.199698  161  00 00 05 50 01 08 00 1C ...P....
0.198522  164  00 00 C0 1A A8 00 00 04 ........
56199670  166  D0 32 00 18             .2......
0.211723   39  00 0C                   ........
0.200150   95  80 00 07 F4 00 00 00 08 ........
0.200115  133  00 00 00 00 A7          ........
0.200113  136  00 02 00 00 00 00 00 2A .......*
0.200109  13A  00 00 00 00 00 00 00 28 .......(
0.198959  13F  00 00 00 05 00 00 00 2E ........
57200104  143  6B 6B 00 D1             kk....H8
0.193212   39  00 1B                   ........
0.200179   95  80 00 07 F4 00 00 00 08 ........
0.200142  133  00 00 00 00 A7          ........
0.200157  136  00 02 00 00 00 00 00 2A .......*
0.200158  13A  00 00 00 00 00 00 00 28 .......(
0.200158  13F  00 00 00 05 00 00 00 2E ........
0.200153  143  6B 6B 00 D1             kk......
0.200141  158  00 00 00 00 00 00 00 19 ........
0.200141  161  00 00 05 50 01 08 00 1C ...P....
0.200209  164  00 00 C0 1A A8 00 00 04 ........
0.200141  166  D0 32 00 18             .2....f.
58200155  17C  00 00 00 00 10 00 00 21 .......!
0.202022   39  00 2A                   .*......
0.199715   95  80 00 07 F4 00 00 00 08 ........
0.199747  133  00 00 00 00 A7          .......
0.199731  136  00 02 00 00 00 00 00 2A .......*
0.199730  13A  00 00 00 00 00 00 00 28 .......(
0.200866  13F  00 00 00 05 00 00 00 2E ........
0.199736  143  6B 6B 00 D1             kk...-
0.199716  158  00 00 00 00 00 00 00 19 ........
0.199715  161  00 00 05 50 01 08 00 1C ...P....
0.199695  164  00 00 C0 1A A8 00 00 04 ........
59199716  166  D0 32 00 18             .2...Z..
0.195475   39  00 39                   .9......
0.199996   95  80 00 07 F4 00 00 00 08 ........
0.199992  133  00 00 00 00 A7          .....
0.199991  136  00 02 00 00 00 00 00 2A .......*
0.199991  13A  00 00 00 00 00 00 00 28 .......(
0.199993  13F  00 00 00 05 00 00 00 2E ........
60200000  143  6B 6B 00 D1             kk....f.
0.202160   39  00 0C                   ........
0.199814   95  80 00 07 F8 00 00 00 04 ........
0.199521  133  00 00 00 00 A7          ........
0.199522  136  00 02 00 00 00 00 00 2A .......*
0.200603  13A  00 00 00 00 00 00 00 28 .......(
0.189497  13F  00 00 00 05 00 00 00 1F ........
0.199916  143  6B 6B 00 D1             kk......
0.200694  158  00 00 00 00 00 00 00 19 ........
0.200682  161  00 00 05 50 01 08 00 1C ...P....
0.190671  164  00 00 C0 1A A8 00 00 31 .......1
61199697  166  D0 32 00 18             .2....H8
0.210659   39  00 2A                   .*......
0.200371   95  80 00 07 F4 00 00 00 08 ........
0.200661  133  00 00 00 00 A7          ......>
0.200663  136  00 02 00 00 00 00 00 2A .......*
0.199582  13A  00 00 00 00 00 00 00 28 .......(
0.209550  13F  00 00 00 05 00 00 00 2E ........
0.200274  143  6B 6B 00 D1             kk....f.
0.199492  158  00 00 00 00 00 00 00 19 ........
0.199502  161  00 00 05 50 01 08 00 1C ...P....
0.210686  164  00 00 C0 1A A8 00 00 04 ........
62200489  166  D0 32 00 18             .2..Y...
0.191513   39  00 2A                   .*......
0.199494   95  80 00 07 F4 00 00 00 08 ........
0.199490  133  00 00 00 00 A7          ........
0.199488  136  00 02 00 00 00 00 00 2A .......*
0.199487  13A  00 00 00 00 00 00 00 28 .......(
0.200570  13F  00 00 00 05 00 00 00 2E ........
0.199513  143  6B 6B 00 D1             kk....H8
63199495  158  00 00 00 00 00 00 00 19 ........
0.201559   39  00 0C                   ...P....
0.200458   95  80 00 07 F4 00 00 00 08 ........
0.200449  133  00 00 00 00 A7          .....
0.200465  136  00 02 00 00 00 00 00 2A .......*
0.200466  13A  00 00 00 00 00 00 00 28 .......(
0.199383  13F  00 00 00 05 00 00 00 2E ........
0.200431  143  6B 6B 00 D1             kk..A..
0.200460  158  00 00 00 00 00 00 00 19 ........
0.199327  161  00 00 05 50 01 08 00 1C ...P....
0.209677  164  00 00 C0 1A A8 00 00 04 ........
64200458  166  D0 32 00 18             .2......
0.195938   39  00 1B                   ........
0.199511   95  80 00 07 F8 00 00 00 04 ........
0.199421  133  00 00 00 00 A7          .....
0.199408  136  00 02 00 00 00 00 00 2A .......*
0.200544  13A  00 00 00 00 00 00 00 28 .......(
0.190186  13F  00 00 00 05 00 00 00 1F ........
0.199512  143  6B 6B 00 D1             kk....H
0.200547  158  00 00 00 00 00 00 00 19 ........
0.200552  161  00 00 05 50 01 08 00 1C ...P....
0.190190  164  00 00 C0 1A A8 00 00 31 .......1
65200588  166  D0 32 00 18             .2..5.b>
0.199157   39  00 0C                   ........
0.200255   95  80 00 07 F4 00 00 00 26 .......&
0.200333  133  00 00 00 00 89          ........
0.201465  136  00 02 00 00 00 00 00 0C ........
0.189941  13A  00 00 00 00 00 00 00 37 .......7
0.200299  13F  00 00 00 05 00 00 00 3D .......=
66201373  143  6B 6B 00 FF             kk....f.
0.193821   39  00 1B                   .......7
0.199635   95  80 00 07 F4 00 00 00 26 .......&
0.200797  133  00 00 00 00 89          ........
0.189254  136  00 02 00 00 00 00 00 39 .......9
0.199645  13A  00 00 00 00 00 00 00 37 .......7
0.200786  13F  00 00 00 05 00 00 00 3D .......=
0.199633  143  6B 6B 00 FF             kk......
0.199663  158  00 00 00 00 00 00 00 37 .......7
0.199662  161  00 00 05 50 01 08 00 3A ...P...:
0.208933  164  00 00 C0 1A A8 00 00 22 ......."
67200772  166  D0 32 00 36             .2.6..W8
0.216364   39  00 39                   .9.....0
0.200176   95  80 00 07 F4 00 00 00 26 .......&
0.199010  133  00 00 00 00 89          .......
0.210553  136  00 02 00 00 00 00 00 0C ........
0.200158  13A  00 00 00 00 00 00 00 37 .......7
0.200110  13F  00 00 00 05 00 00 00 3D .......=
0.200176  143  6B 6B 00 FF             kk....u.
0.200149  158  00 00 00 00 00 00 00 37 .......7
0.200141  161  00 00 05 50 01 08 00 3A ...P...:
0.200143  164  00 00 C0 1A A8 00 00 22 ......."
68200165  166  D0 32 00 36             .2.6\...
0.190648   39  00 0C                   .......0
0.199762   95  80 00 07 F4 00 00 00 26 .......&
0.190601  133  00 00 00 00 B6          ........
0.189471  136  00 02 00 00 00 00 00 39 .......9
0.199867  13A  00 00 00 00 00 00 00 37 .......7
0.198777  13F  00 00 00 05 00 00 00 3D .......=
0.199773  143  6B 6B 00 FF             kk....W)
69199775  158  00 00 00 00 00 00 00 37 .......7
0.207669   39  00 2A                   .*.P...:
0.200836   95  80 00 07 F4 00 00 00 26 .......&
0.210002  133  00 00 00 00 89          .....
0.209997  136  00 02 00 00 00 00 00 0C ........
0.209994  13A  00 00 00 00 00 00 00 0A ........
0.211128  13F  00 00 00 05 00 00 00 00 ........
0.199715  143  6B 6B 00 FF             kk..A.)
0.199681  158  00 00 00 00 00 00 00 37 .......7
0.199685  161  00 00 05 50 01 08 00 3A ...P...:
0.199701  164  00 00 C0 1A A8 00 00 22 ......."
70199738  166  D0 32 00 36             .2.6....
0.195530   39  00 2A                   .*.....0
0.200110   95  80 00 07 F4 00 00 00 26 .......&
0.200147  133  00 00 00 00 89          .....
0.200151  136  00 02 00 00 00 00 00 0C ........
0.200153  13A  00 00 00 00 00 00 00 0A ........
0.199019  13F  00 00 00 05 00 00 00 00 ........
0.200090  143  6B 6B 00 FF             kk....W
0.200134  158  00 00 00 00 00 00 00 37 .......7
0.200134  161  00 00 05 50 01 08 00 3A ...P...:
0.200127  164  00 00 C0 1A A8 00 00 22 ......."
71200069  166  D0 32 00 36             .2.6..b.
0.198776   39  00 39                   .9......
0.199912   95  80 00 07 F4 00 00 00 26 .......&
0.199893  133  00 00 00 00 89          ........
0.199893  136  00 02 00 00 00 00 00 0C ........
0.199893  13A  00 00 00 00 00 00 00 0A ........
0.199893  13F  00 00 00 05 00 00 00 00 ........
72199995  143  6B 6B 00 FF             kk....u.
0.195691   39  00 39                   .9.....7
0.199200   95  80 00 07 F8 00 00 00 22 ......."
0.200322  133  00 00 00 00 89          ......."
0.189920  136  00 02 00 00 00 00 00 39 .......9
0.189916  13A  00 00 00 00 00 00 00 37 .......7
0.189913  13F  00 00 00 05 00 00 00 3D .......=
0.200302  143  6B 6B 00 FF             kk......
0.200340  158  00 00 00 00 00 00 00 37 .......7
0.200336  161  00 00 05 50 01 08 00 3A ...P...:
0.198008  164  00 00 C0 1A A8 00 00 22 ......."
73200339  166  D0 32 00 36             .2.6..W)
0.203471   39  00 1B                   .......0
0.200094   95  80 00 07 F4 00 00 00 26 .......&
0.200054  133  00 00 00 00 89          ....../
0.200029  136  00 02 00 00 00 00 00 39 .......9
0.200044  13A  00 00 00 00 00 00 00 37 .......7
0.201181  13F  00 00 00 05 00 00 00 3D .......=
0.200034  143  6B 6B 00 FF             kk....u.
0.200042  158  00 00 00 00 00 00 00 37 .......7
0.200045  161  00 00 05 50 01 08 00 3A ...P...:
0.200051  164  00 00 C0 1A A8 00 00 22 ......."
0.200040  166  D0 32 00 36             .2.6....
74200052  17C  00 00 00 00 10 00 00 30 .......0
0.208162   39  00 39                   .9.....;
0.200028   95  80 00 07 F4 00 00 00 26 .......&
0.198947  133  00 00 00 00 89          ......!
0.210505  136  00 02 00 00 00 00 00 0C ........
0.200020  13A  00 00 00 00 00 00 00 37 .......7
0.198886  13F  00 00 00 05 00 00 00 3D .......=
75200028  143  6B 6B 00 FF             kk...<..
0.201361   39  00 0C                   .......7
0.200191   95  80 00 07 F4 00 00 00 26 .......&
0.200178  133  00 00 00 00 89          ........
0.199044  136  00 02 00 00 00 00 00 0C ........
0.210653  13A  00 00 00 00 00 00 00 0A ........
0.200230  13F  00 00 00 05 00 00 00 3D .......=
0.199097  143  6B 6B 00 FF             kk..
0.200178  158  00 00 00 00 00 00 00 37 .......7
0.200174  161  00 00 05 50 01 08 00 3A ...P...:
0.199096  164  00 00 C0 1A A8 00 00 13 ........
76200189  166  D0 32 00 36             .2.6..u.
0.187482   39  00 0C                   .......0
0.200193   95  80 00 07 F8 00 00 00 22 ......."
0.200199  133  00 00 00 00 89          .......
0.200198  136  00 02 00 00 00 00 00 0C ........
0.199059  13A  00 00 00 00 00 00 00 0A ........
0.210590  13F  00 00 00 05 00 00 00 00 ........
0.200166  143  6B 6B 00 FF             kk....W.
0.199060  158  00 00 00 00 00 00 00 37 .......7
0.200193  161  00 00 05 50 01 08 00 3A ...P...:
0.200193  164  00 00 C0 1A A8 00 00 13 ........
77199064  166  D0 32 00 36             .2.6...)
0.209031   39  00 2A                   .*.....0
0.199774   95  80 00 07 F4 00 00 00 26 .......&
0.199785  133  00 00 00 00 89          ........
0.199785  136  00 02 00 00 00 00 00 0C ........
0.200919  13A  00 00 00 00 00 00 00 0A ........
0.189391  13F  00 00 00 05 00 00 00 3D .......=
78199789  143  6B 6B 00 FF             kk....u.
0.187523   39  00 2A                   .*.....7
0.200323   95  80 00 07 F4 00 00 00 26 .......&
0.200329  133  00 00 00 00 89          ........
0.200332  136  00 02 00 00 00 00 00 0C ........
0.199203  13A  00 00 00 00 00 00 00 0A ........
0.209623  13F  00 00 00 05 00 00 00 00 ........
0.200323  143  6B 6B 00 FF             kk......
0.199171  158  00 00 00 00 00 00 00 37 .......7
0.200307  161  00 00 05 50 01 08 00 3A ...P...:
0.210764  164  00 00 C0 1A A8 00 00 22 ......."
0.199168  166  D0 32 00 36             .2.6..W)
79199150  17C  00 00 00 00 10 00 00 30 .......0
0.213169   39  00 0C                   .......?
0.200369   95  80 00 07 F4 00 00 00 26 .......&
0.199294  133  00 00 00 00 89          ......)
0.200425  136  00 02 00 00 00 00 00 0C ........
0.189992  13A  00 00 00 00 00 00 00 37 .......7
0.189989  13F  00 00 00 05 00 00 00 3D .......=
0.200365  143  6B 6B 00 FF             kk....
0.200452  158  00 00 00 00 00 00 00 37 .......7
0.199317  161  00 00 05 50 01 08 00 3A ...P...:
0.189927  164  00 00 C0 1A A8 00 00 13 ........
80200456  166  D0 32 00 36             .2.6.Z..
0.192186   39  00 1B                   .......0
0.200287   95  80 00 07 F8 00 00 00 22 ......."
0.200196  133  00 00 00 00 89          .....
0.199062  136  00 02 00 00 00 00 00 0C ........
0.210628  13A  00 00 00 00 00 00 00 0A ........
0.200251  13F  00 00 00 05 00 00 00 3D .......=
81200282  143  6B 6B 00 FF             kk....W.
0.203003   39  00 0C                   .......7
0.198361   95  80 00 07 F4 00 00 00 08 ........
0.200653  133  00 00 00 00 A7          ........
0.200654  136  00 02 00 00 00 00 00 2A .......*
0.199517  13A  00 00 00 00 00 00 00 28 .......(
0.209893  13F  00 00 00 05 00 00 00 2E ........
0.199479  143  6B 6B 00 D1             kk......
0.199495  158  00 00 00 00 00 00 00 19 ........
0.199495  161  00 00 05 50 01 08 00 1C ...P....
0.209839  164  00 00 C0 1A A8 00 00 04 ........
82199492  166  D0 32 00 18             .2....u.
0.207507   39  00 2A                   .*.....!
0.200607   95  80 00 07 F4 00 00 00 08 ........
0.199457  133  00 00 00 00 A7          ......>
0.200589  136  00 02 00 00 00 00 00 2A .......*
0.190194  13A  00 00 00 00 00 00 00 19 ........
0.190195  13F  00 00 00 05 00 00 00 1F ........
0.200608  143  6B 6B 00 D1             kk....f.
0.200602  158  00 00 00 00 00 00 00 19 ........
0.200602  161  00 00 05 50 01 08 00 1C ...P....
0.199467  164  00 00 C0 1A A8 00 00 04 ........
83199480  166  D0 32 00 18             .2..L..)
0.200585   39  00 39                   .9......
0.200538   95  80 00 07 F4 00 00 00 08 ........
0.200558  133  00 00 00 00 A7          ........
0.199433  136  00 02 00 00 00 00 00 2A .......*
0.209828  13A  00 00 00 00 00 00 00 28 .......(
0.210966  13F  00 00 00 05 00 00 00 2E ........
0.199413  143  6B 6B 00 D1             kk....H.
0.199416  158  00 00 00 00 00 00 00 19 ........
84199415  161  00 00 05 50 01 08 00 1C ...P....
0.190856   39  00 0C                   ........
0.200087   95  80 00 07 F8 00 00 00 04 ........
0.200108  133  00 00 00 00 A7          ........
0.200101  136  00 02 00 00 00 00 00 2A .......*
0.200101  13A  00 00 00 00 00 00 00 28 .......(
0.198964  13F  00 00 00 05 00 00 00 2E ........
0.200108  143  6B 6B 00 D1             kk...../
0.200092  158  00 00 00 00 00 00 00 19 ........
0.200093  161  00 00 05 50 01 08 00 1C ...P....
85200108  164  00 00 C0 1A A8 00 00 04 ........
0.195852   39  00 1B                   ....9S09
0.199296   95  80 00 07 F4 00 00 00 08 ........
0.199230  133  00 00 00 00 A7          ........
0.200363  136  00 02 00 00 00 00 00 2A .......*
0.190001  13A  00 00 00 00 00 00 00 19 ........
0.190001  13F  00 00 00 05 00 00 00 1F ........
0.200419  143  6B 6B 00 D1             kk....g.
0.200394  158  00 00 00 00 00 00 00 19 ........
0.200395  161  00 00 05 50 01 08 00 1C ...P....
0.199247  164  00 00 C0 1A A8 00 00 04 ........
86200398  166  D0 32 00 18             .2.."...
0.208650   39  00 2A                   .*......
0.200598   95  80 00 07 F4 00 00 00 08 ........
0.200673  133  00 00 00 00 A7          .....
0.199539  136  00 02 00 00 00 00 00 2A .......*
0.209901  13A  00 00 00 00 00 00 00 28 .......(
0.209900  13F  00 00 00 05 00 00 00 2E ........
0.199452  143  6B 6B 00 D1             kk....f
0.199517  158  00 00 00 00 00 00 00 19 ........
87199517  161  00 00 05 50 01 08 00 1C ...P....
0.199768   39  00 39                   .9......
0.199767   95  80 00 07 F4 00 00 00 08 ........
0.199752  133  00 00 00 00 A7          .......!
0.199752  136  00 02 00 00 00 00 00 2A .......*
0.199751  13A  00 00 00 00 00 00 00 28 .......(
0.200889  13F  00 00 00 05 00 00 00 2E ........
0.199782  143  6B 6B 00 D1             kk......
0.199756  158  00 00 00 00 00 00 00 19 ........
88199755  161  00 00 05 50 01 08 00 1C ...P....
0.203415   39  00 0C                   ........
0.199998   95  80 00 07 F4 00 00 00 08 ........
0.199987  133  00 00 00 00 A7          ........
0.199987  136  00 02 00 00 00 00 00 2A .......*
0.199988  13A  00 00 00 00 00 00 00 28 .......(
0.199987  13F  00 00 00 05 00 00 00 2E ........
0.200001  143  6B 6B 00 D1             kk...../
0.200005  158  00 00 00 00 00 00 00 19 ........
0.199990  161  00 00 05 50 01 08 00 1C ...P....
0.199986  164  00 00 C0 1A A8 00 00 04 ........
89199984  166  D0 32 00 18             .2.....)
0.191948   39  00 1B                   ........
0.199911   95  80 00 07 F4 00 00 00 08 ........
0.199800  133  00 00 00 00 A7          .....Z..
0.199803  136  00 02 00 00 00 00 00 2A .......*
0.200910  13A  00 00 00 00 00 00 00 28 .......(
0.189600  13F  00 00 00 05 00 00 00 1F ........
0.199958  143  6B 6B 00 D1             kk....H.
0.199805  158  00 00 00 00 00 00 00 19 ........
0.200925  161  00 00 05 50 01 08 00 1C ...P....
90199797  164  00 00 C0 1A A8 00 00 04 ........
0.208733   39  00 39                   .9....>
0.199423   95  80 00 07 F4 00 00 00 08 ........
0.199687  133  00 00 00 00 A7          ........
0.200880  136  00 02 00 00 00 00 00 2A .......*
0.189028  13A  00 00 00 00 00 00 00 19 ........
0.200340  13F  00 00 00 05 00 00 00 1F ........
0.200487  143  6B 6B 00 D1             kk....g 
0.200781  158  00 00 00 00 00 00 00 19 ........
91199708  161  00 00 05 50 01 08 00 1C ...P....
0.188662   39  00 39                   .9.....1
0.200402   95  80 00 07 F4 00 00 00 08 ........
0.200213  133  00 00 00 00 A7          ........
0.199017  136  00 02 00 00 00 00 00 2A .......*
0.210894  13A  00 00 00 00 00 00 00 28 .......(
0.199389  13F  00 00 00 05 00 00 00 1F ........
0.199293  143  6B 6B 00 D1             kk......
0.200249  158  00 00 00 00 00 00 00 19 ........
0.200217  161  00 00 05 50 01 08 00 1C ...P....
0.208568  164  00 00 C0 1A A9 00 00 03 ........
92199212  166  D0 32 00 18             .2..49..
0.197017   39  00 0C                   ........
0.200510   95  80 00 07 F4 00 00 00 08 ........
0.199632  133  00 00 00 00 A7          .....Z.;
0.200835  136  00 02 00 00 00 00 00 2A .......*
0.189026  13A  00 00 00 00 00 00 00 19 ........
0.200510  13F  00 00 00 05 00 00 00 1F ........
0.200509  143  6B 6B 00 D1             kk....f)
0.199628  158  00 00 00 00 00 00 00 19 ........
93199638  161  00 00 05 50 01 08 00 1C ...P....
0.200896   39  00 1B                   .......1
0.199735   95  80 00 07 F8 00 00 00 04 ........
0.200691  133  00 00 00 00 A7          ........
0.199489  136  00 02 00 00 00 00 00 2A .......*
0.210165  13A  00 00 00 00 00 00 00 28 .......(
0.210261  13F  00 00 00 05 00 00 00 2E ........
0.199735  143  6B 6B 00 D1             kk......
0.199543  158  00 00 00 00 00 00 00 19 ........
94199533  161  00 00 05 50 01 08 00 1C ...P....
0.214379   39  00 39                   .9......
0.200355   95  80 00 07 F4 00 00 00 08 ........
0.199223  133  00 00 00 00 A7          ........
0.200357  136  00 02 00 00 00 00 00 2A .......*
0.200374  13A  00 00 00 00 00 00 00 28 .......(
0.199161  13F  00 00 00 05 00 00 00 2E ........
0.200355  143  6B 6B 00 D1             kk...../
0.200381  158  00 00 00 00 00 00 00 19 ........
0.200380  161  00 00 05 50 01 08 00 1C ...P....
0.200411  164  00 00 C0 1A A8 00 00 04 ........
0.200408  166  D0 32 00 18             .2.....)
95210835  17C  00 00 00 00 10 00 00 21 .......!
0.194561   39  00 0C                   ........
0.199331   95  80 00 07 F4 00 00 00 08 ........
0.200528  133  00 00 00 00 A7          .......
0.199398  136  00 02 00 00 00 00 00 2A .......*
0.199386  13A  00 00 00 00 00 00 00 28 .......(
0.200667  13F  00 00 00 05 00 00 00 2E ........
0.199316  143  6B 6B 00 D1             kk...-.
0.200500  158  00 00 00 00 00 00 00 19 ........
96200520  161  00 00 05 50 01 08 00 1C ...P....
0.194307   39  00 1B                   .......1
0.200111   95  80 00 07 F4 00 00 00 08 ........
0.199981  133  00 00 00 00 A7          ........
0.199979  136  00 02 00 00 00 00 00 2A .......*
0.199977  13A  00 00 00 00 00 00 00 28 .......(
0.199831  13F  00 00 00 05 00 00 00 2E ........
0.200126  143  6B 6B 00 D1             kk...../
0.198852  158  00 00 00 00 00 00 00 19 ........
97199967  161  00 00 05 50 01 08 00 1C ...P....
0.209716   39  00 0C                   .......1
0.200375   95  80 00 07 F4 00 00 00 26 .......&
0.200560  133  00 00 00 00 89          ........
0.200558  136  00 02 00 00 00 00 00 0C ........
0.200557  13A  00 00 00 00 00 00 00 0A ........
0.200617  13F  00 00 00 05 00 00 00 00 ........
0.200383  143  6B 6B 00 FF             kk......
0.200490  158  00 00 00 00 00 00 00 37 .......7
0.199342  161  00 00 05 50 01 08 00 3A ...P...:
0.209749  164  00 00 C0 1A A8 00 00 22 ......."
98200383  166  D0 32 00 36             .2.6....
0.198548   39  00 2A                   .*.....0
0.199624   95  80 00 07 F4 00 00 00 26 .......&
0.199538  133  00 00 00 00 89          .....Z..
0.200727  136  00 02 00 00 00 00 00 0C ........
0.190180  13A  00 00 00 00 00 00 00 37 .......7
0.190072  13F  00 00 00 05 00 00 00 3D .......=
0.200725  143  6B 6B 00 FF             kk....u)
0.200752  158  00 00 00 00 00 00 00 37 .......7
0.200770  161  00 00 05 50 01 08 00 3A ...P...:
0.199574  164  00 00 C0 1A A8 00 00 22 ......."
99199814  166  D0 32 00 36             .2.6...
0.202588   39  00 39                   .9.....0
0.200160   95  80 00 07 F4 00 00 00 26 .......&
0.200354  133  00 00 00 00 89          ........
0.199165  136  00 02 00 00 00 00 00 0C ........
0.210921  13A  00 00 00 00 00 00 00 0A ........
0.199010  13F  00 00 00 05 00 00 00 3D .......=
00200097  143  6B 6B 00 FF             kk....W8
0.196113   39  00 0C                   .......7
0.199816   95  80 00 07 F4 00 00 00 26 .......&
0.199487  133  00 00 00 00 89          ......."
0.200608  136  00 02 00 00 00 00 00 0C ........
0.189079  13A  00 00 00 00 00 00 00 37 .......7
0.201020  13F  00 00 00 05 00 00 00 3D .......=
0.199884  143  6B 6B 00 FF             kk......
0.200661  158  00 00 00 00 00 00 00 37 .......7
0.200650  161  00 00 05 50 01 08 00 3A ...P...:
0.199487  164  00 00 C0 1A A8 00 00 22 ......."
0.200749  166  D0 32 00 36             .2.6..u.
01199915  17C  00 00 00 00 10 00 00 30 .......0
0.203461   39  00 2A                   .*.....2
0.199767   95  80 00 07 F4 00 00 00 26 .......&
0.201269  133  00 00 00 00 89          ......!
0.189549  136  00 02 00 00 00 00 00 39 .......9
0.199868  13A  00 00 00 00 00 00 00 37 .......7
0.199839  13F  00 00 00 05 00 00 00 3D .......=
0.199776  143  6B 6B 00 FF             kk...<
0.200042  158  00 00 00 00 00 00 00 37 .......7
0.200049  161  00 00 05 50 01 08 00 3A ...P...:
0.200055  164  00 00 C0 1A A8 00 00 22 ......."
02199945  166  D0 32 00 36             .2.6.Z..
0.187200   39  00 2A                   .*.....0
0.200092   95  80 00 07 F4 00 00 00 26 .......&
0.198881  133  00 00 00 00 89          .....
0.210693  136  00 02 00 00 00 00 00 0C ........
0.200008  13A  00 00 00 00 00 00 00 37 .......7
0.198922  13F  00 00 00 05 00 00 00 3D .......=
03200076  143  6B 6B 00 FF             kk....u.
0.193830   39  00 2A                   .*.....7
0.200023   95  80 00 07 F4 00 00 00 26 .......&
0.200884  133  00 00 00 00 89          ......."
0.189248  136  00 02 00 00 00 00 00 39 .......9
0.199935  13A  00 00 00 00 00 00 00 37 .......7
0.199935  13F  00 00 00 05 00 00 00 3D .......=
0.200018  143  6B 6B 00 FF             kk......
0.199745  158  00 00 00 00 00 00 00 37 .......7
0.199739  161  00 00 05 50 01 08 00 3A ...P...:
0.199745  164  00 00 C0 1A A8 00 00 22 ......."
04199829  166  D0 32 00 36             .2.6..W8
0.205945   39  00 39                   .9.....0
0.200980   95  80 00 07 F4 00 00 00 26 .......&
0.189451  133  00 00 00 00 B6          ....../
0.199877  136  00 02 00 00 00 00 00 39 .......9
0.199876  13A  00 00 00 00 00 00 00 37 .......7
0.200987  13F  00 00 00 05 00 00 00 3D .......=
0.199822  143  6B 6B 00 FF             kk....u.
0.199859  158  00 00 00 00 00 00 00 37 .......7
0.199857  161  00 00 05 50 01 08 00 3A ...P...:
0.200989  164  00 00 C0 1A A8 00 00 22 ......."
05199885  166  D0 32 00 36             .2.6....
0.203929   39  00 1B                   .......0
0.199285   95  80 00 07 F4 00 00 00 26 .......&
0.209678  133  00 00 00 00 89          ........
0.209673  136  00 02 00 00 00 00 00 0C ........
0.210808  13A  00 00 00 00 00 00 00 0A ........
0.199327  13F  00 00 00 05 00 00 00 3D .......=
0.199325  143  6B 6B 00 FF             kk....W8
06200425  158  00 00 00 00 00 00 00 37 .......7
0.207811   39  00 39                   .9.P...:
0.199817   95  80 00 07 F4 00 00 00 26 .......&
0.199772  133  00 00 00 00 89          .....
0.200907  136  00 02 00 00 00 00 00 0C ........
0.189427  13A  00 00 00 00 00 00 00 37 .......7
0.199795  13F  00 00 00 05 00 00 00 3D .......=
0.200939  143  6B 6B 00 FF             kk..A.!
0.199766  158  00 00 00 00 00 00 00 37 .......7
0.199766  161  00 00 05 50 01 08 00 3A ...P...:
0.199795  164  00 00 C0 1A A8 00 00 13 ........
07200886  166  D0 32 00 36             .2.6....
0.187355   39  00 39                   .9.....0
0.200953   95  80 00 07 F4 00 00 00 26 .......&
0.190700  133  00 00 00 00 B6          .....
0.189589  136  00 02 00 00 00 00 00 39 .......9
0.199937  13A  00 00 00 00 00 00 00 37 .......7
0.199939  13F  00 00 00 05 00 00 00 3D .......=
0.199872  143  6B 6B 00 FF             kk....W
0.199823  158  00 00 00 00 00 00 00 37 .......7
0.199823  161  00 00 05 50 01 08 00 3A ...P...:
0.210080  164  00 00 C0 1A A8 00 00 22 ......."
08199852  166  D0 32 00 36             .2.6(.b/
0.208737   39  00 1B                   .......0
0.199665   95  80 00 07 F4 00 00 00 26 .......&
0.209970  133  00 00 00 00 89          ........
0.209948  136  00 02 00 00 00 00 00 0C ........
0.209943  13A  00 00 00 00 00 00 00 0A ........
0.209940  13F  00 00 00 05 00 00 00 00 ........
09199603  143  6B 6B 00 FF             kk....u.
0.204900   39  00 2A                   .*.....7
0.200308   95  80 00 07 F8 00 00 00 22 ......."
0.200326  133  00 00 00 00 89          ......."
0.189919  136  00 02 00 00 00 00 00 39 .......9
0.189924  13A  00 00 00 00 00 00 00 37 .......7
0.189928  13F  00 00 00 05 00 00 00 3D .......=
0.200344  143  6B 6B 00 FF             kk......
0.200346  158  00 00 00 00 00 00 00 37 .......7
0.200331  161  00 00 05 50 01 08 00 3A ...P...:
0.198033  164  00 00 C0 1A A8 00 00 22 ......."
10200324  166  D0 32 00 36             .2.6..W8
0.200580   39  00 39                   .9.....0
0.199425   95  80 00 07 F4 00 00 00 26 .......&
0.199382  133  00 00 00 00 89          .......
0.209795  136  00 02 00 00 00 00 00 0C ........
0.209792  13A  00 00 00 00 00 00 00 0A ........
0.210898  13F  00 00 00 05 00 00 00 00 ........
0.199420  143  6B 6B 00 FF             kk....u.
0.199360  158  00 00 00 00 00 00 00 37 .......7
0.200509  161  00 00 05 50 01 08 00 3A ...P...:
0.191316  164  00 00 C0 1A A8 00 00 13 ........
0.199384  166  D0 32 00 36             .2.6O...
11199389  17C  00 00 00 00 10 00 00 30 .......0
0.186132   39  00 39                   .9.....:
0.200014   95  80 00 07 F4 00 00 00 26 .......&
0.200038  133  00 00 00 00 89          ......)
0.200034  136  00 02 00 00 00 00 00 0C ........
0.200037  13A  00 00 00 00 00 00 00 0A ........
0.200040  13F  00 00 00 05 00 00 00 00 ........
12200040  143  6B 6B 00 FF             kk...<.8
0.200797   39  00 1B                   .......7
0.200554   95  80 00 07 F4 00 00 00 26 .......&
0.199357  133  00 00 00 00 89          ........
0.200510  136  00 02 00 00 00 00 00 0C ........
0.190272  13A  00 00 00 00 00 00 00 37 .......7
0.189161  13F  00 00 00 05 00 00 00 3D .......=
0.200571  143  6B 6B 00 FF             kk..
0.200461  158  00 00 00 00 00 00 00 37 .......7
0.199374  161  00 00 05 50 01 08 00 3A ...P...:
0.200621  164  00 00 C0 1A A8 00 00 13 ........
13200514  166  D0 32 00 36             .2.6..u.
0.206582   39  00 0C                   .......0
0.199769   95  80 00 07 F4 00 00 00 08 ........
0.200964  133  00 00 00 00 A7          ......>
0.199808  136  00 02 00 00 00 00 00 2A .......*
0.210042  13A  00 00 00 00 00 00 00 28 .......(
0.211175  13F  00 00 00 05 00 00 00 2E ........
0.199784  143  6B 6B 00 D1             kk....W.
0.199820  158  00 00 00 00 00 00 00 19 ........
0.200948  161  00 00 05 50 01 08 00 1C ...P....
0.208892  164  00 00 C0 1A A8 00 00 04 ........
14199768  166  D0 32 00 18             .2..*..8
0.193707   39  00 1B                   ........
0.200062   95  80 00 07 F4 00 00 00 08 ........
0.200069  133  00 00 00 00 A7          ........
0.200070  136  00 02 00 00 00 00 00 2A .......*
0.190670  13A  00 00 00 00 00 00 00 19 ........
0.189537  13F  00 00 00 05 00 00 00 1F ........
15200008  143  6B 6B 00 D1             kk....f.
0.195863   39  00 2A                   .*......
0.199530   95  80 00 07 F4 00 00 00 08 ........
0.199445  133  00 00 00 00 A7          ........
0.200646  136  00 02 00 00 00 00 00 2A .......*
0.199341  13A  00 00 00 00 00 00 00 19 ........
0.200570  13F  00 00 00 05 00 00 00 1F ........
0.200519  143  6B 6B 00 D1             kk......
0.200600  158  00 00 00 00 00 00 00 19 ........
0.200602  161  00 00 05 50 01 08 00 1C ...P....
0.199446  164  00 00 C0 1A A8 00 00 04 ........
16200587  166  D0 32 00 18             .2....f8
0.210013   39  00 0C                   ........
0.200212   95  80 00 07 F4 00 00 00 08 ........
0.200325  133  00 00 00 00 A7          .......
0.199128  136  00 02 00 00 00 00 00 2A .......*
0.210959  13A  00 00 00 00 00 00 00 28 .......(
0.199058  13F  00 00 00 05 00 00 00 1F ........
0.200248  143  6B 6B 00 D1             kk....H.
0.199181  158  00 00 00 00 00 00 00 19 ........
0.200295  161  00 00 05 50 01 08 00 1C ...P....
0.200322  164  00 00 C0 1A A8 00 00 04 ........
0.199186  166  D0 32 00 18             .2..:...
17200172  17C  00 00 00 00 10 00 00 12 ........
0.195933   39  00 1B                   ........
0.199654   95  80 00 07 F8 00 00 00 04 ........
0.200819  133  00 00 00 00 A7          .......
0.190053  136  00 02 00 00 00 00 00 1B ........
0.188931  13A  00 00 00 00 00 00 00 19 ........
0.200840  13F  00 00 00 05 00 00 00 1F ........
0.199737  143  6B 6B 00 D1             kk......
18200750  158  00 00 00 00 00 00 00 19 ........
0.202607   39  00 39                   .9.P....
0.200953   95  80 00 07 F4 00 00 00 08 ........
0.189415  133  00 00 00 00 98          .....Z.,
0.200186  136  00 02 00 00 00 00 00 1B ........
0.200182  13A  00 00 00 00 00 00 00 19 ........
0.200077  13F  00 00 00 05 00 00 00 1F ........
0.199851  143  6B 6B 00 D1             kk..A...
0.199854  158  00 00 00 00 00 00 00 19 ........
0.199847  161  00 00 05 50 01 08 00 1C ...P....
0.201053  164  00 00 C0 1A A8 00 00 04 ........
19199838  166  D0 32 00 18             .2...-..
0.199770   39  00 39                   .9......
0.199828   95  80 00 07 F4 00 00 00 08 ........
0.199796  133  00 00 00 00 98          ......b>
0.199788  136  00 02 00 00 00 00 00 1B ........
0.199796  13A  00 00 00 00 00 00 00 19 ........
0.199781  13F  00 00 00 05 00 00 00 1F ........
0.199804  143  6B 6B 00 D1             kk....f
0.199888  158  00 00 00 00 00 00 00 19 ........
0.199889  161  00 00 05 50 01 08 00 1C ...P....
0.199810  164  00 00 C0 1A A8 00 00 04 ........
20199903  166  D0 32 00 18             .2....b.
0.192385   39  00 0C                   ........
0.199324   95  80 00 07 F4 00 00 00 08 ........
0.209628  133  00 00 00 00 A7          ........
0.210763  136  00 02 00 00 00 00 00 2A .......*
0.200455  13A  00 00 00 00 00 00 00 19 ........
0.199335  13F  00 00 00 05 00 00 00 1F ........
21200427  143  6B 6B 00 D1             kk....H.
0.210306   39  00 1B                   ........
0.199927   95  80 00 07 F8 00 00 00 04 ........
0.200000  133  00 00 00 00 A7          .......1
0.189548  136  00 02 00 00 00 00 00 1B ........
0.199854  13A  00 00 00 00 00 00 00 19 ........
0.199868  13F  00 00 00 05 00 00 00 1F ........
0.199945  143  6B 6B 00 D1             kk......
0.200002  158  00 00 00 00 00 00 00 19 ........
0.200002  161  00 00 05 50 01 08 00 1C ...P....
0.201019  164  00 00 C0 1A A8 00 00 31 .......1
22200001  166  D0 32 00 18             .2....f)
0.189119   39  00 2A                   .*......
0.200717   95  80 00 07 F4 00 00 00 08 ........
0.190303  133  00 00 00 00 98          ....../
0.199617  136  00 02 00 00 00 00 00 1B ........
0.199610  13A  00 00 00 00 00 00 00 19 ........
0.200710  13F  00 00 00 05 00 00 00 1F ........
0.199591  143  6B 6B 00 D1             kk....H.
0.199559  158  00 00 00 00 00 00 00 19 ........
0.199559  161  00 00 05 50 01 08 00 1C ...P....
0.208811  164  00 00 C0 1A A8 00 00 04 ........
0.199560  166  D0 32 00 18             .2......
23199594  17C  00 00 00 00 10 00 00 12 ........
0.208471   39  00 0C                   ........
0.199198   95  80 00 07 F4 00 00 00 08 ........
0.209606  133  00 00 00 00 A7          .......
0.210740  136  00 02 00 00 00 00 00 2A .......*
0.200362  13A  00 00 00 00 00 00 00 19 ........
0.199249  13F  00 00 00 05 00 00 00 1F ........
24200332  143  6B 6B 00 D1             kk......
0.208480   39  00 1B                   ........
0.200364   95  80 00 07 F4 00 00 00 08 ........
0.200414  133  00 00 00 00 A7          .......1
0.199281  136  00 02 00 00 00 00 00 2A .......*
0.210796  13A  00 00 00 00 00 00 00 28 .......(
0.200369  13F  00 00 00 05 00 00 00 1F ........
0.199252  143  6B 6B 00 D1             kk..
0.199254  158  00 00 00 00 00 00 00 19 ........
0.200391  161  00 00 05 50 01 08 00 1C ...P....
0.199258  164  00 00 C0 1A A8 00 00 31 .......1
25199253  166  D0 32 00 18             .2....H.
0.188111   39  00 1B                   ........
0.199775   95  80 00 07 F8 00 00 00 04 ........
0.199668  133  00 00 00 00 A7          .......
0.199668  136  00 02 00 00 00 00 00 2A .......*
0.199671  13A  00 00 00 00 00 00 00 28 .......(
0.199742  13F  00 00 00 05 00 00 00 1F ........
0.199801  143  6B 6B 00 D1             kk....f.
0.200828  158  00 00 00 00 00 00 00 19 ........
0.199692  161  00 00 05 50 01 08 00 1C ...P....
0.199742  164  00 00 C0 1A A8 00 00 31 .......1
26200828  166  D0 32 00 18             .2..^..)
0.208226   39  00 39                   .9......
0.200050   95  80 00 07 F4 00 00 00 08 ........
0.200168  133  00 00 00 00 A7          ........
0.200172  136  00 02 00 00 00 00 00 2A .......*
0.200172  13A  00 00 00 00 00 00 00 28 .......(
0.200007  13F  00 00 00 05 00 00 00 1F ........
27200020  143  6B 6B 00 D1             kk....H.
0.187913   39  00 39                   .9......
0.200444   95  80 00 07 F4 00 00 00 08 ........
0.200324  133  00 00 00 00 A7          .......1
0.200320  136  00 02 00 00 00 00 00 2A .......*
0.199181  13A  00 00 00 00 00 00 00 28 .......(
0.209703  13F  00 00 00 05 00 00 00 2E ........
0.200507  143  6B 6B 00 D1             kk......
0.199213  158  00 00 00 00 00 00 00 19 ........
0.199208  161  00 00 05 50 01 08 00 1C ...P....
0.210806  164  00 00 C0 1A A8 00 00 04 ........
0.199255  166  D0 32 00 18             .2....f)
28199530  17C  00 00 00 00 10 00 00 12 ........
0.207247   39  00 1B                   ........
0.200392   95  80 00 07 F4 00 00 00 08 ........
0.199580  133  00 00 00 00 A7          .......
0.199581  136  00 02 00 00 00 00 00 2A .......*
0.200714  13A  00 00 00 00 00 00 00 28 .......(
0.190140  13F  00 00 00 05 00 00 00 1F ........
0.200385  143  6B 6B 00 D1             kk...-
0.200660  158  00 00 00 00 00 00 00 19 ........
0.200699  161  00 00 05 50 01 08 00 1C ...P....
0.190167  164  00 00 C0 1A A8 00 00 31 .......1
29200550  166  D0 32 00 18             .2...Z..
0.190885   39  00 2A                   .*......
0.200119   95  80 00 07 F8 00 00 00 04 ........
0.199869  133  00 00 00 00 A7          .....
0.201083  136  00 02 00 00 00 00 00 2A .......*
0.189530  13A  00 00 00 00 00 00 00 19 ........
0.200102  13F  00 00 00 05 00 00 00 1F ........
30200055  143  6B 6B 00 D1             kk....f.
0.216853   39  00 2A                   .*......
0.198583   95  80 00 07 F4 00 00 00 26 .......&
0.199649  133  00 00 00 00 89          .......1
0.199568  136  00 02 00 00 00 00 00 0C ........
0.199716  13A  00 00 00 00 00 00 00 37 .......7
0.199717  13F  00 00 00 05 00 00 00 3D .......=
0.198609  143  6B 6B 00 FF             kk......
0.199631  158  00 00 00 00 00 00 00 37 .......7
0.199634  161  00 00 05 50 01 08 00 3A ...P...:
0.208819  164  00 00 C0 1A A8 00 00 22 ......."
31198566  166  D0 32 00 36             .2.6..H.
0.192841   39  00 39                   .9.....0
0.199694   95  80 00 07 F4 00 00 00 26 .......&
0.200852  133  00 00 00 00 89          ......>
0.199735  136  00 02 00 00 00 00 00 0C ........
0.210008  13A  00 00 00 00 00 00 00 0A ........
0.210008  13F  00 00 00 05 00 00 00 00 ........
0.200790  143  6B 6B 00 FF             kk....u.
0.199706  158  00 00 00 00 00 00 00 37 .......7
0.199709  161  00 00 05 50 01 08 00 3A ...P...:
0.199707  164  00 00 C0 1A A8 00 00 22 ......."
32200822  166  D0 32 00 36             .2.6...)
0.203834   39  00 0C                   ........
0.200326   95  80 00 07 F4 00 00 00 26 .......&
0.199289  133  00 00 00 00 89          ........
0.199275  136  00 02 00 00 00 00 00 0C ........
0.200415  13A  00 00 00 00 00 00 00 0A ........
0.189997  13F  00 00 00 05 00 00 00 3D .......=
0.199272  143  6B 6B 00 FF             kk....W.
0.199333  158  00 00 00 00 00 00 00 37 .......7
0.200406  161  00 00 05 50 01 08 00 3A ...P...:
0.200431  164  00 00 C0 1A A8 00 00 22 ......."
33199272  166  D0 32 00 36             .2.6.
0.204000   39  00 2A                   .*.....0
0.200507   95  80 00 07 F8 00 00 00 22 ......."
0.200482  133  00 00 00 00 89          ........
0.200481  136  00 02 00 00 00 00 00 0C ........
0.199340  13A  00 00 00 00 00 00 00 0A ........
0.209765  13F  00 00 00 05 00 00 00 00 ........
0.200354  143  6B 6B 00 FF             kk....u)
34200444  158  00 00 00 00 00 00 00 37 .......7
0.195130   39  00 39                   .9.P...:
0.199774   95  80 00 07 F4 00 00 00 26 .......&
0.199785  133  00 00 00 00 89          .....
0.199783  136  00 02 00 00 00 00 00 0C ........
0.199783  13A  00 00 00 00 00 00 00 0A ........
0.200919  13F  00 00 00 05 00 00 00 00 ........
0.199873  143  6B 6B 00 FF             kk..A.)
0.199785  158  00 00 00 00 00 00 00 37 .......7
0.199784  161  00 00 05 50 01 08 00 3A ...P...:
0.199800  164  00 00 C0 1A A8 00 00 22 ......."
35199784  166  D0 32 00 36             .2.6.<..
0.193014   39  00 39                   .9.....0
0.200009   95  80 00 07 F4 00 00 00 26 .......&
0.199992  133  00 00 00 00 89          .....
0.199992  136  00 02 00 00 00 00 00 0C ........
0.199992  13A  00 00 00 00 00 00 00 0A ........
0.199984  13F  00 00 00 05 00 00 00 00 ........
0.200015  143  6B 6B 00 FF             kk....u
0.199986  158  00 00 00 00 00 00 00 37 .......7
0.199990  161  00 00 05 50 01 08 00 3A ...P...:
0.199992  164  00 00 C0 1A A8 00 00 22 ......."
36200000  166  D0 32 00 36             .2.6^.b.
0.199803   39  00 0C                   .......0
0.199829   95  80 00 07 F4 00 00 00 26 .......&
0.199852  133  00 00 00 00 89          ........
0.199855  136  00 02 00 00 00 00 00 0C ........
0.199858  13A  00 00 00 00 00 00 00 0A ........
0.199859  13F  00 00 00 05 00 00 00 00 ........
37199819  143  6B 6B 00 FF             kk....W.
0.204294   39  00 1B                   .......7
0.199580   95  80 00 07 F4 00 00 00 26 .......&
0.199514  133  00 00 00 00 89          ......."
0.200655  136  00 02 00 00 00 00 00 0C ........
0.200668  13A  00 00 00 00 00 00 00 0A ........
0.199533  13F  00 00 00 05 00 00 00 00 ........
0.200688  143  6B 6B 00 FF             kk......
0.200677  158  00 00 00 00 00 00 00 37 .......7
0.200674  161  00 00 05 50 01 08 00 3A ...P...:
0.199518  164  00 00 C0 1A A9 00 00 21 .......!
38200677  166  D0 32 00 36             .2.6..u)
0.207395   39  00 39                   .9......
0.200466   95  80 00 07 F4 00 00 00 26 .......&
0.200522  133  00 00 00 00 89          .......
0.199379  136  00 02 00 00 00 00 00 0C ........
0.199362  13A  00 00 00 00 00 00 00 0A ........
0.200496  13F  00 00 00 05 00 00 00 00 ........
0.199383  143  6B 6B 00 FF             kk....W.
0.199368  158  00 00 00 00 00 00 00 37 .......7
0.199368  161  00 00 05 50 01 08 00 3A ...P...:
0.191233  164  00 00 C0 1A A8 00 00 13 ........
0.199370  166  D0 32 00 36             .2.6....
39190045  17C  00 00 00 00 10 00 00 30 .......0
0.194483   39  00 0C                   .......?
0.200255   95  80 00 07 F4 00 00 00 26 .......&
0.200123  133  00 00 00 00 89          ......!
0.200122  136  00 02 00 00 00 00 00 0C ........
0.200123  13A  00 00 00 00 00 00 00 0A ........
0.198988  13F  00 00 00 05 00 00 00 00 ........
40200262  143  6B 6B 00 FF             kk......
0.202549   39  00 1B                   .......7
0.200284   95  80 00 07 F4 00 00 00 26 .......&
0.199355  133  00 00 00 00 89          ......."
0.199356  136  00 02 00 00 00 00 00 0C ........
0.200577  13A  00 00 00 00 00 00 00 0A ........
0.189952  13F  00 00 00 05 00 00 00 3D .......=
0.200298  143  6B 6B 00 FF             kk..
0.200465  158  00 00 00 00 00 00 00 37 .......7
0.200481  161  00 00 05 50 01 08 00 3A ...P...:
0.191122  164  00 00 C0 1A A8 00 00 13 ........
41200431  166  D0 32 00 36             .2.6..W.
0.201888   39  00 2A                   .*.....0
0.199463   95  80 00 07 F4 00 00 00 26 .......&
0.200729  133  00 00 00 00 89          .......
0.200730  136  00 02 00 00 00 00 00 0C ........
0.199509  13A  00 00 00 00 00 00 00 0A ........
0.210134  13F  00 00 00 05 00 00 00 00 ........
0.199420  143  6B 6B 00 FF             kk....u.
0.199522  158  00 00 00 00 00 00 00 37 .......7
0.199494  161  00 00 05 50 01 08 00 3A ...P...:
0.209013  164  00 00 C0 1A A8 00 00 22 ......."
42199521  166  D0 32 00 36             .2.6(..)
0.195660   39  00 39                   .9.....0
0.200454   95  80 00 07 F4 00 00 00 26 .......&
0.199054  133  00 00 00 00 89          ........
0.200139  136  00 02 00 00 00 00 00 0C ........
0.200158  13A  00 00 00 00 00 00 00 0A ........
0.200161  13F  00 00 00 05 00 00 00 00 ........
43200287  143  6B 6B 00 FF             kk....W.
0.199695   39  00 0C                   .......7
0.199614   95  80 00 07 F4 00 00 00 26 .......&
0.199892  133  00 00 00 00 89          ......."
0.200010  136  00 02 00 00 00 00 00 0C ........
0.200024  13A  00 00 00 00 00 00 00 0A ........
0.200024  13F  00 00 00 05 00 00 00 00 ........
0.199773  143  6B 6B 00 FF             kk......
0.199878  158  00 00 00 00 00 00 00 37 .......7
0.199890  161  00 00 05 50 01 08 00 3A ...P...:
0.200027  164  00 00 C0 1A A8 00 00 22 ......."
0.199765  166  D0 32 00 36             .2.6..u)
44200031  17C  00 00 00 00 10 00 00 03 ........
0.196577   39  00 1B                   .......=
0.200322   95  80 00 07 F4 00 00 00 26 .......&
0.200344  133  00 00 00 00 89          ......)
0.199139  136  00 02 00 00 00 00 00 0C ........
0.200238  13A  00 00 00 00 00 00 00 0A ........
0.200256  13F  00 00 00 05 00 00 00 00 ........
0.200188  143  6B 6B 00 FF             kk...<
0.200351  158  00 00 00 00 00 00 00 37 .......7
0.200347  161  00 00 05 50 01 08 00 3A ...P...:
0.200255  164  00 00 C0 1A A8 00 00 22 ......."
45200368  166  D0 32 00 36             .2.6.Z..
0.208478   39  00 39                   .9......
0.200096   95  80 00 07 F4 00 00 00 26 .......&
0.199833  133  00 00 00 00 89          .....
0.200970  136  00 02 00 00 00 00 00 0C ........
0.199854  13A  00 00 00 00 00 00 00 0A ........
0.199834  13F  00 00 00 05 00 00 00 00 ........
46200303  143  6B 6B 00 FF             kk....u.
0.192327   39  00 1B                   .......7
0.198135   95  80 00 07 F4 00 00 00 08 ........
0.200540  133  00 00 00 00 A7          ......."
0.199431  136  00 02 00 00 00 00 00 2A .......*
0.199415  13A  00 00 00 00 00 00 00 28 .......(
0.199414  13F  00 00 00 05 00 00 00 2E ........
0.199176  143  6B 6B 00 D1             kk......
0.199309  158  00 00 00 00 00 00 00 19 ........
0.199318  161  00 00 05 50 01 08 00 1C ...P....
0.198128  164  00 00 C0 1A A8 00 00 04 ........
47199230  166  D0 32 00 18             .2....W.
0.197746   39  00 39                   .9.....!
0.199980   95  80 00 07 F4 00 00 00 08 ........
0.199850  133  00 00 00 00 A7          ....../
0.199823  136  00 02 00 00 00 00 00 2A .......*
0.199822  13A  00 00 00 00 00 00 00 28 .......(
0.199822  13F  00 00 00 05 00 00 00 2E ........
0.199986  143  6B 6B 00 D1             kk....H.
0.199927  158  00 00 00 00 00 00 00 19 ........
0.199918  161  00 00 05 50 01 08 00 1C ...P....
0.201055  164  00 00 C0 1A A8 00 00 04 ........
48200004  166  D0 32 00 18             .2..5..)
0.204383   39  00 0C                   .......!
0.200994   95  80 00 07 F4 00 00 00 08

